#date: 07.12.2019	time: 15:42:30
#commentary: 
#f, Hz	A1, V	A2, V	ph1-ph2, deg	A2/A1
10000.00	+5.1E+00	+264E-03	-4.71E+00
11000.00	+5.5E+00	+283E-03	-3.35E+00
12000.00	+5.8E+00	+298E-03	-1.02E+00
13000.00	+6.1E+00	+311E-03	-2.47E+00
14000.00	+6.4E+00	+325E-03	-1.65E+00
15000.00	+6.7E+00	+343E-03	-1.89E+00
16000.00	+7.0E+00	+353E-03	-2.56E+00
17000.00	+7.2E+00	+366E-03	-3.08E+00
18000.00	+7.4E+00	+375E-03	-2.59E+00
19000.00	+7.6E+00	+385E-03	-2.72E+00
20000.00	+7.8E+00	+394E-03	-1.19E+00
21000.00	+7.9E+00	+405E-03	-2.61E+00
22000.00	+8.1E+00	+416E-03	-2.63E+00
23000.00	+8.3E+00	+420E-03	-2.20E+00
24000.00	+8.4E+00	+419E-03	-2.93E+00
25000.00	+8.5E+00	+429E-03	-2.56E+00
26000.00	+8.6E+00	+440E-03	-2.70E+00
27000.00	+8.7E+00	+444E-03	-2.22E+00
28000.00	+8.8E+00	+450E-03	-1.61E+00
29000.00	+8.9E+00	+448E-03	-2.34E+00
30000.00	+9.0E+00	+453E-03	-1.71E+00
31000.00	+9.1E+00	+458E-03	-1.64E+00
32000.00	+9.2E+00	+470E-03	-830E-03
33000.00	+9.2E+00	+470E-03	-1.87E+00
34000.00	+9.3E+00	+470E-03	-1.86E+00
35000.00	+9.4E+00	+470E-03	-1.45E+00
36000.00	+9.6E+00	+470E-03	-310E-03
37000.00	+9.7E+00	+480E-03	+120E-03
38000.00	+9.8E+00	+490E-03	-930E-03
39000.00	+9.6E+00	+490E-03	-1.47E+00
40000.00	+9.8E+00	+480E-03	+60E-03
41000.00	+9.9E+00	+490E-03	-1.68E+00
42000.00	+9.7E+00	+500E-03	-1.54E+00
43000.00	+9.8E+00	+490E-03	+20E-03
44000.00	+10.1E+00	+500E-03	+140E-03
45000.00	+9.9E+00	+490E-03	-3.38E+00
46000.00	+10.0E+00	+500E-03	-380E-03
47000.00	+9.9E+00	+500E-03	-1.28E+00
48000.00	+10.0E+00	+500E-03	-2.04E+00
49000.00	+10.1E+00	+510E-03	-1.36E+00
50000.00	+10.1E+00	+500E-03	-430E-03
51000.00	+10.1E+00	+510E-03	-700E-03
52000.00	+10.2E+00	+510E-03	+2.00E+00
53000.00	+10.2E+00	+500E-03	-3.45E+00
54000.00	+10.2E+00	+510E-03	-720E-03
55000.00	+10.2E+00	+510E-03	-2.04E+00
56000.00	+10.3E+00	+510E-03	-1.21E+00
57000.00	+10.1E+00	+510E-03	-140E-03
58000.00	+10.2E+00	+510E-03	-1.59E+00
59000.00	+10.3E+00	+510E-03	-910E-03
60000.00	+10.2E+00	+510E-03	-320E-03
61000.00	+10.3E+00	+510E-03	-640E-03
62000.00	+10.4E+00	+510E-03	-1.03E+00
63000.00	+10.2E+00	+510E-03	-610E-03
64000.00	+10.3E+00	+510E-03	-70E-03
65000.00	+10.2E+00	+510E-03	+160E-03
66000.00	+10.3E+00	+510E-03	-170E-03
67000.00	+10.4E+00	+520E-03	-650E-03
68000.00	+10.2E+00	+520E-03	-200E-03
69000.00	+10.3E+00	+520E-03	-300E-03
70000.00	+10.4E+00	+520E-03	-2.68E+00
71000.00	+10.3E+00	+520E-03	-710E-03
72000.00	+10.4E+00	+530E-03	-750E-03
73000.00	+10.3E+00	+520E-03	-790E-03
74000.00	+10.4E+00	+530E-03	-860E-03
75000.00	+10.3E+00	+520E-03	-140E-03
76000.00	+10.4E+00	+530E-03	+1.15E+00
77000.00	+10.3E+00	+520E-03	-330E-03
78000.00	+10.4E+00	+530E-03	-30E-03
79000.00	+10.3E+00	+530E-03	-260E-03
80000.00	+10.4E+00	+520E-03	-60E-03
81000.00	+10.5E+00	+530E-03	-1.28E+00
82000.00	+10.3E+00	+530E-03	-530E-03
83000.00	+10.4E+00	+530E-03	+0.0E+00
84000.00	+10.5E+00	+530E-03	-270E-03
85000.00	+10.5E+00	+530E-03	-1.68E+00
86000.00	+10.6E+00	+530E-03	-340E-03
87000.00	+10.4E+00	+530E-03	+880E-03
88000.00	+10.5E+00	+530E-03	+30E-03
89000.00	+10.3E+00	+530E-03	-320E-03
90000.00	+10.4E+00	+530E-03	+130E-03
91000.00	+10.5E+00	+530E-03	+230E-03
92000.00	+10.6E+00	+530E-03	-510E-03
93000.00	+10.4E+00	+530E-03	-30E-03
94000.00	+10.5E+00	+530E-03	+70E-03
95000.00	+10.5E+00	+530E-03	-360E-03
96000.00	+10.5E+00	+540E-03	+100E-03
97000.00	+10.6E+00	+540E-03	+1.61E+00
98000.00	+10.4E+00	+530E-03	-1.20E+00
99000.00	+10.3E+00	+530E-03	-250E-03
100000.00	+10.6E+00	+530E-03	+400E-03
