#date: 07.12.2019	time: 16:10:19
#commentary: 
#f, Hz	A1, V	A2, V	ph1-ph2, deg	A2/A1
100000.00	+10.2E+00	+280E-03	-123.05E+00
110000.00	+10.5E+00	+270E-03	-122.17E+00
120000.00	+10.3E+00	+252E-03	-120.30E+00
130000.00	+10.4E+00	+239E-03	-118.53E+00
140000.00	+10.5E+00	+227E-03	-118.42E+00
150000.00	+10.5E+00	+215E-03	-115.82E+00
160000.00	+10.5E+00	+207E-03	-111.93E+00
170000.00	+10.5E+00	+196E-03	-113.54E+00
180000.00	+10.5E+00	+186E-03	-111.88E+00
190000.00	+10.5E+00	+180E-03	-108.06E+00
200000.00	+10.6E+00	+176E-03	-109.24E+00
210000.00	+10.6E+00	+167E-03	-105.10E+00
220000.00	+10.6E+00	+163E-03	-105.33E+00
230000.00	+10.6E+00	+157E-03	-105.45E+00
240000.00	+10.6E+00	+152E-03	-107.2E+00
250000.00	+10.6E+00	+147E-03	-106.7E+00
260000.00	+10.6E+00	+146E-03	-108.0E+00
270000.00	+10.6E+00	+139E-03	-105.7E+00
280000.00	+10.6E+00	+138E-03	-105.2E+00
290000.00	+10.6E+00	+134E-03	-103.5E+00
300000.00	+10.6E+00	+134E-03	-101.7E+00
310000.00	+10.6E+00	+130E-03	-104.9E+00
320000.00	+10.6E+00	+128E-03	-103.5E+00
330000.00	+10.6E+00	+125E-03	-103.8E+00
340000.00	+10.7E+00	+125E-03	-103.2E+00
350000.00	+10.5E+00	+123E-03	-103.0E+00
360000.00	+10.6E+00	+122E-03	-107.9E+00
370000.00	+10.6E+00	+118E-03	-103.9E+00
380000.00	+10.6E+00	+118E-03	-104.2E+00
390000.00	+10.6E+00	+118E-03	-104.8E+00
400000.00	+10.6E+00	+116E-03	-104.8E+00
410000.00	+10.6E+00	+114E-03	-105.9E+00
420000.00	+10.6E+00	+114E-03	-103.1E+00
430000.00	+10.6E+00	+116E-03	-102.5E+00
440000.00	+10.6E+00	+117E-03	-106.1E+00
450000.00	+10.4E+00	+113E-03	-102.5E+00
460000.00	+10.5E+00	+114E-03	-105.5E+00
470000.00	+10.6E+00	+114E-03	-101.8E+00
480000.00	+10.6E+00	+116E-03	-104.0E+00
490000.00	+10.6E+00	+114E-03	-107.1E+00
500000.00	+10.6E+00	+118E-03	-101.3E+00
510000.00	+10.6E+00	+116E-03	-102.8E+00
520000.00	+10.4E+00	+119E-03	-103.0E+00
530000.00	+10.5E+00	+120E-03	-103.3E+00
540000.00	+10.3E+00	+121E-03	-104.1E+00
550000.00	+10.4E+00	+123E-03	-104.6E+00
560000.00	+10.5E+00	+124E-03	-105.4E+00
570000.00	+10.8E+00	+125E-03	-104.7E+00
580000.00	+10.7E+00	+130E-03	-104.8E+00
590000.00	+10.5E+00	+134E-03	-107.6E+00
600000.00	+10.6E+00	+138E-03	-103.3E+00
610000.00	+10.6E+00	+138E-03	-104.4E+00
620000.00	+10.6E+00	+144E-03	-106.2E+00
630000.00	+10.4E+00	+145E-03	-106.5E+00
640000.00	+10.5E+00	+153E-03	-103.9E+00
650000.00	+10.6E+00	+157E-03	-105.3E+00
660000.00	+10.6E+00	+164E-03	-105.2E+00
670000.00	+10.4E+00	+173E-03	-104.2E+00
680000.00	+10.5E+00	+183E-03	-104.8E+00
690000.00	+10.3E+00	+187E-03	-104.0E+00
700000.00	+10.6E+00	+200E-03	-101.9E+00
710000.00	+10.6E+00	+208E-03	-103.0E+00
720000.00	+10.6E+00	+226E-03	-98.8E+00
730000.00	+10.4E+00	+243E-03	-100.3E+00
740000.00	+10.3E+00	+263E-03	-99.0E+00
750000.00	+10.4E+00	+285E-03	-92.9E+00
760000.00	+10.5E+00	+305E-03	-92.4E+00
770000.00	+10.3E+00	+330E-03	-83.5E+00
780000.00	+10.4E+00	+359E-03	-77.4E+00
790000.00	+10.5E+00	+380E-03	-74.1E+00
800000.00	+10.6E+00	+408E-03	-69.1E+00
810000.00	+10.4E+00	+424E-03	-59.6E+00
820000.00	+10.5E+00	+428E-03	-50.8E+00
830000.00	+10.5E+00	+421E-03	-42.2E+00
840000.00	+10.6E+00	+407E-03	-29.9E+00
850000.00	+10.4E+00	+381E-03	-23.4E+00
860000.00	+10.5E+00	+362E-03	-16.8E+00
870000.00	+10.5E+00	+328E-03	-12.9E+00
880000.00	+10.5E+00	+297E-03	-7.4E+00
890000.00	+10.3E+00	+277E-03	-3.7E+00
900000.00	+10.4E+00	+251E-03	-4.0E+00
910000.00	+10.3E+00	+234E-03	+800E-03
920000.00	+10.4E+00	+216E-03	+2.6E+00
930000.00	+10.5E+00	+202E-03	+5.4E+00
940000.00	+10.5E+00	+186E-03	+6.8E+00
950000.00	+10.5E+00	+174E-03	+5.2E+00
960000.00	+10.3E+00	+166E-03	+11.5E+00
970000.00	+10.6E+00	+156E-03	+6.4E+00
980000.00	+10.6E+00	+146E-03	+6.8E+00
990000.00	+10.4E+00	+142E-03	+9.1E+00
1000000.00	+10.2E+00	+133E-03	+10.8E+00
