#date: 07.12.2019	time: 15:44:15
#commentary: 
#f, Hz	A1, V	A2, V	ph1-ph2, deg	A2/A1
100000.00	+10.6E+00	+530E-03	-690E-03
110000.00	+10.4E+00	+540E-03	-710E-03
120000.00	+10.5E+00	+550E-03	+60E-03
130000.00	+10.6E+00	+550E-03	+350E-03
140000.00	+10.6E+00	+550E-03	-1.49E+00
150000.00	+10.7E+00	+550E-03	-2.21E+00
160000.00	+10.8E+00	+560E-03	-860E-03
170000.00	+10.6E+00	+570E-03	+0.0E+00
180000.00	+10.7E+00	+580E-03	-1.20E+00
190000.00	+10.6E+00	+570E-03	-650E-03
200000.00	+10.7E+00	+580E-03	-1.47E+00
210000.00	+10.8E+00	+590E-03	-1.74E+00
220000.00	+10.7E+00	+590E-03	-1.50E+00
230000.00	+10.6E+00	+600E-03	-1.16E+00
240000.00	+10.7E+00	+600E-03	-430E-03
250000.00	+10.6E+00	+600E-03	-450E-03
260000.00	+10.7E+00	+600E-03	-1.54E+00
270000.00	+10.6E+00	+610E-03	-100E-03
280000.00	+10.7E+00	+610E-03	-2.9E+00
290000.00	+10.8E+00	+610E-03	+300E-03
300000.00	+10.9E+00	+630E-03	-300E-03
310000.00	+10.7E+00	+630E-03	+400E-03
320000.00	+10.6E+00	+640E-03	+1.4E+00
330000.00	+10.6E+00	+660E-03	+1.2E+00
340000.00	+10.6E+00	+650E-03	+3.4E+00
350000.00	+10.4E+00	+660E-03	+2.5E+00
360000.00	+10.7E+00	+670E-03	-100E-03
370000.00	+10.6E+00	+680E-03	+2.4E+00
380000.00	+10.4E+00	+700E-03	+1.4E+00
390000.00	+10.2E+00	+710E-03	+800E-03
400000.00	+10.6E+00	+720E-03	-100E-03
410000.00	+10.7E+00	+730E-03	+1.6E+00
420000.00	+10.6E+00	+740E-03	+700E-03
430000.00	+10.2E+00	+740E-03	+2.6E+00
440000.00	+10.5E+00	+760E-03	+1.5E+00
450000.00	+10.5E+00	+780E-03	+300E-03
460000.00	+10.5E+00	+790E-03	+2.4E+00
470000.00	+10.5E+00	+820E-03	-600E-03
480000.00	+10.6E+00	+830E-03	+2.1E+00
490000.00	+10.6E+00	+840E-03	+1.8E+00
500000.00	+10.4E+00	+870E-03	+2.2E+00
510000.00	+10.5E+00	+890E-03	+4.6E+00
520000.00	+10.5E+00	+900E-03	+4.3E+00
530000.00	+10.6E+00	+940E-03	+5.4E+00
540000.00	+10.4E+00	+960E-03	+4.6E+00
550000.00	+10.3E+00	+1.01E+00	+4.3E+00
560000.00	+10.4E+00	+1.05E+00	+4.1E+00
570000.00	+10.5E+00	+1.08E+00	+4.4E+00
580000.00	+10.5E+00	+1.11E+00	+7.0E+00
590000.00	+10.5E+00	+1.14E+00	+8.7E+00
600000.00	+10.5E+00	+1.19E+00	+10.5E+00
610000.00	+10.5E+00	+1.27E+00	+7.9E+00
620000.00	+10.5E+00	+1.32E+00	+9.9E+00
630000.00	+10.6E+00	+1.39E+00	+8.2E+00
640000.00	+10.4E+00	+1.47E+00	+10.4E+00
650000.00	+10.3E+00	+1.53E+00	+10.0E+00
660000.00	+10.4E+00	+1.62E+00	+11.2E+00
670000.00	+10.5E+00	+1.71E+00	+19.0E+00
680000.00	+10.5E+00	+1.80E+00	+15.2E+00
690000.00	+10.5E+00	+1.93E+00	+21.1E+00
700000.00	+10.5E+00	+2.10E+00	+21.8E+00
710000.00	+10.5E+00	+2.25E+00	+24.5E+00
720000.00	+10.3E+00	+2.48E+00	+26.8E+00
730000.00	+10.4E+00	+2.69E+00	+32.6E+00
740000.00	+10.2E+00	+2.96E+00	+37.8E+00
750000.00	+10.3E+00	+3.26E+00	+44.0E+00
760000.00	+10.4E+00	+3.58E+00	+51.4E+00
770000.00	+10.2E+00	+3.88E+00	+59.4E+00
780000.00	+10.3E+00	+4.11E+00	+68.7E+00
790000.00	+10.4E+00	+4.15E+00	+82.2E+00
800000.00	+10.2E+00	+4.01E+00	+93.4E+00
810000.00	+10.3E+00	+3.86E+00	+103.4E+00
820000.00	+10.2E+00	+3.50E+00	+112.5E+00
830000.00	+10.3E+00	+3.16E+00	+121.2E+00
840000.00	+10.4E+00	+2.82E+00	+126.1E+00
850000.00	+10.5E+00	+2.51E+00	+132.2E+00
860000.00	+10.5E+00	+2.23E+00	+136.4E+00
870000.00	+10.3E+00	+2.05E+00	+140.1E+00
880000.00	+10.2E+00	+1.85E+00	+142.3E+00
890000.00	+10.3E+00	+1.73E+00	+148.5E+00
900000.00	+10.4E+00	+1.57E+00	+146.9E+00
910000.00	+10.3E+00	+1.47E+00	+147.7E+00
920000.00	+10.2E+00	+1.37E+00	+150.9E+00
930000.00	+10.3E+00	+1.28E+00	+151.9E+00
940000.00	+10.1E+00	+1.14E+00	+152.0E+00
950000.00	+10.2E+00	+1.08E+00	+151.9E+00
960000.00	+10.3E+00	+1.03E+00	+156.3E+00
970000.00	+10.2E+00	+930E-03	+155.8E+00
980000.00	+10.3E+00	+910E-03	+156.7E+00
990000.00	+10.4E+00	+850E-03	+156.7E+00
1000000.00	+10.2E+00	+820E-03	+158.1E+00
