#date: 07.12.2019	time: 15:41:16
#commentary: 
#f, Hz	A1, V	A2, V	ph1-ph2, deg	A2/A1
1000.00	+740E-03	+37.9E-03	-37.96E+00
1100.00	+790E-03	+39.4E-03	-32.04E+00
1200.00	+840E-03	+43.4E-03	-35.95E+00
1300.00	+870E-03	+46.4E-03	-29.83E+00
1400.00	+930E-03	+47.8E-03	-24.56E+00
1500.00	+980E-03	+51E-03	-25.30E+00
1600.00	+1.04E+00	+53E-03	-26.71E+00
1700.00	+1.08E+00	+55E-03	-24.44E+00
1800.00	+1.14E+00	+59E-03	-19.49E+00
1900.00	+1.19E+00	+62E-03	-18.75E+00
2000.00	+1.27E+00	+63E-03	-17.99E+00
2100.00	+1.30E+00	+68E-03	-17.47E+00
2200.00	+1.37E+00	+71E-03	-18.93E+00
2300.00	+1.43E+00	+74E-03	-14.79E+00
2400.00	+1.49E+00	+78E-03	-16.34E+00
2500.00	+1.53E+00	+81E-03	-16.03E+00
2600.00	+1.59E+00	+82E-03	-15.80E+00
2700.00	+1.63E+00	+85E-03	-13.87E+00
2800.00	+1.67E+00	+87E-03	-13.77E+00
2900.00	+1.74E+00	+91E-03	-12.13E+00
3000.00	+1.79E+00	+92E-03	-12.81E+00
3100.00	+1.83E+00	+96E-03	-10.25E+00
3200.00	+1.90E+00	+98E-03	-11.86E+00
3300.00	+1.95E+00	+100E-03	-10.12E+00
3400.00	+2.00E+00	+104E-03	-9.99E+00
3500.00	+2.05E+00	+105E-03	-13.08E+00
3600.00	+2.10E+00	+110E-03	-8.38E+00
3700.00	+2.15E+00	+108E-03	-9.56E+00
3800.00	+2.20E+00	+112E-03	-8.72E+00
3900.00	+2.26E+00	+115E-03	-11.85E+00
4000.00	+2.32E+00	+119E-03	-9.65E+00
4100.00	+2.34E+00	+122E-03	-9.33E+00
4200.00	+2.40E+00	+124E-03	-8.73E+00
4300.00	+2.46E+00	+127E-03	-9.76E+00
4400.00	+2.52E+00	+130E-03	-9.01E+00
4500.00	+2.58E+00	+132E-03	-9.91E+00
4600.00	+2.61E+00	+133E-03	-9.57E+00
4700.00	+2.68E+00	+137E-03	-8.90E+00
4800.00	+2.72E+00	+141E-03	-9.32E+00
4900.00	+2.75E+00	+141E-03	-9.41E+00
5000.00	+2.82E+00	+145E-03	-8.45E+00
5100.00	+2.86E+00	+147E-03	-8.63E+00
5200.00	+2.93E+00	+148E-03	-8.51E+00
5300.00	+2.96E+00	+152E-03	-9.10E+00
5400.00	+2.99E+00	+156E-03	-8.40E+00
5500.00	+3.02E+00	+158E-03	-8.08E+00
5600.00	+3.13E+00	+158E-03	-7.78E+00
5700.00	+3.15E+00	+160E-03	-7.39E+00
5800.00	+3.23E+00	+164E-03	-7.96E+00
5900.00	+3.36E+00	+166E-03	-6.15E+00
6000.00	+3.39E+00	+168E-03	-6.27E+00
6100.00	+3.47E+00	+172E-03	-6.42E+00
6200.00	+3.50E+00	+174E-03	-6.28E+00
6300.00	+3.53E+00	+176E-03	-5.35E+00
6400.00	+3.56E+00	+180E-03	-4.61E+00
6500.00	+3.66E+00	+182E-03	-3.86E+00
6600.00	+3.69E+00	+185E-03	-4.71E+00
6700.00	+3.72E+00	+187E-03	-5.27E+00
6800.00	+3.71E+00	+189E-03	-5.73E+00
6900.00	+3.86E+00	+191E-03	-5.06E+00
7000.00	+3.85E+00	+193E-03	-5.43E+00
7100.00	+3.94E+00	+195E-03	-5.22E+00
7200.00	+3.99E+00	+197E-03	-5.69E+00
7300.00	+4.04E+00	+199E-03	-4.18E+00
7400.00	+4.03E+00	+201E-03	-4.89E+00
7500.00	+4.07E+00	+203E-03	-4.59E+00
7600.00	+4.12E+00	+205E-03	-3.85E+00
7700.00	+4.17E+00	+207E-03	-4.87E+00
7800.00	+4.20E+00	+212E-03	-5.45E+00
7900.00	+4.26E+00	+217E-03	-4.77E+00
8000.00	+4.31E+00	+216E-03	-4.30E+00
8100.00	+4.30E+00	+225E-03	-5.22E+00
8200.00	+4.40E+00	+224E-03	-5.49E+00
8300.00	+4.44E+00	+226E-03	-5.10E+00
8400.00	+4.50E+00	+226E-03	-5.41E+00
8500.00	+4.48E+00	+229E-03	-4.26E+00
8600.00	+4.53E+00	+232E-03	-4.66E+00
8700.00	+4.65E+00	+231E-03	-3.66E+00
8800.00	+4.62E+00	+236E-03	-4.37E+00
8900.00	+4.66E+00	+242E-03	-4.42E+00
9000.00	+4.64E+00	+241E-03	-4.37E+00
9100.00	+4.76E+00	+240E-03	-4.26E+00
9200.00	+4.7E+00	+246E-03	-4.37E+00
9300.00	+4.8E+00	+245E-03	-3.98E+00
9400.00	+4.8E+00	+251E-03	-4.16E+00
9500.00	+4.9E+00	+249E-03	-4.85E+00
9600.00	+5.0E+00	+252E-03	-3.20E+00
9700.00	+5.0E+00	+255E-03	-4.21E+00
9800.00	+5.1E+00	+253E-03	-4.31E+00
9900.00	+5.1E+00	+264E-03	-3.90E+00
10000.00	+5.1E+00	+259E-03	-4.21E+00
