0.0 4.090000000000001
51.0 4.090000000000001
101.0 4.08
152.0 4.090000000000001
202.0 4.090000000000001
253.0 4.090000000000001
304.0 4.090000000000001
354.0 4.07
405.0 4.090000000000001
455.0 4.08
506.0 4.090000000000001
557.0 4.090000000000001
607.0 4.090000000000001
658.0 4.08
708.0 4.090000000000001
759.0 4.090000000000001
810.0 4.0600000000000005
860.0 4.08
911.0 4.1000000000000005
961.0 4.1000000000000005
1012.0 4.08
1063.0 4.050000000000001
1113.0 4.090000000000001
1164.0 4.11
1214.0 4.11
1265.0 4.1000000000000005
1316.0 4.07
1366.0 4.08
1417.0 4.090000000000001
1467.0 4.1000000000000005
1518.0 4.090000000000001
1569.0 4.090000000000001
1619.0 4.090000000000001
1670.0 4.08
1720.0 4.090000000000001
1771.0 4.090000000000001
1822.0 4.090000000000001
1872.0 4.08
1923.0 4.090000000000001
1973.0 4.090000000000001
2024.0 4.090000000000001
2075.0 4.090000000000001
2125.0 4.08
2176.0 4.090000000000001
2226.0 4.090000000000001
2277.0 4.08
2328.0 4.08
2378.0 4.08
2429.0 4.07
2479.0 4.07
2530.0 4.0600000000000005
2581.0 4.050000000000001
2631.0 4.0600000000000005
2682.0 4.050000000000001
2732.0 4.04
2783.0 4.03
2834.0 4.03
2884.0 4.03
2935.0 4.0200000000000005
2985.0 4.0200000000000005
3036.0 4.03
3087.0 3.9999999999999996
3137.0 4.010000000000001
3188.0 3.9999999999999996
3238.0 3.9999999999999996
3289.0 3.9999999999999996
3340.0 3.98
3390.0 3.9899999999999998
3441.0 3.98
3491.0 3.98
3542.0 3.97
3593.0 3.9599999999999995
3643.0 3.97
3694.0 3.93
3744.0 3.94
3795.0 3.9499999999999997
3846.0 3.94
3896.0 3.93
3947.0 3.93
3997.0 3.93
4048.0 3.93
4099.0 3.9099999999999997
4149.0 3.9
4200.0 3.9099999999999997
4250.0 3.9
4301.0 3.9
4352.0 3.89
4402.0 3.88
4453.0 3.88
4503.0 3.87
4554.0 3.87
4605.0 3.88
4655.0 3.87
4706.0 3.86
4756.0 3.86
4807.0 3.86
4858.0 3.85
4908.0 3.84
4959.0 3.84
5009.0 3.85
5060.0 3.84
5111.0 3.83
5161.0 3.83
5212.0 3.82
5262.0 3.83
5313.0 3.81
5364.0 3.82
5414.0 3.82
5465.0 3.82
5515.0 3.81
5566.0 3.8
5617.0 3.8
5667.0 3.8
5718.0 3.79
5768.0 3.8
5819.0 3.79
5870.0 3.78
5920.0 3.79
5971.0 3.78
6021.0 3.77
6072.0 3.78
6123.0 3.8
6173.0 3.76
6224.0 3.77
6274.0 3.76
6325.0 3.76
6376.0 3.76
6426.0 3.75
6477.0 3.75
6527.0 3.75
6578.0 3.75
6629.0 3.7399999999999998
6679.0 3.7399999999999998
6730.0 3.7399999999999998
6780.0 3.7399999999999998
6831.0 3.73
6882.0 3.73
6932.0 3.73
6983.0 3.73
7033.0 3.7199999999999998
7084.0 3.73
7135.0 3.71
7185.0 3.71
7236.0 3.6999999999999997
7286.0 3.71
7337.0 3.71
7388.0 3.71
7438.0 3.71
7489.0 3.6999999999999997
7539.0 3.6999999999999997
7590.0 3.69
7641.0 3.69
7691.0 3.69
7742.0 3.69
7792.0 3.69
7843.0 3.69
7894.0 3.6799999999999997
7944.0 3.6799999999999997
7995.0 3.6799999999999997
8045.0 3.6799999999999997
8096.0 3.6799999999999997
8147.0 3.6799999999999997
8197.0 3.67
8248.0 3.67
8298.0 3.6599999999999997
8349.0 3.67
8400.0 3.6599999999999997
8450.0 3.67
8501.0 3.6599999999999997
8551.0 3.65
8602.0 3.65
8653.0 3.65
8703.0 3.65
8754.0 3.65
8804.0 3.64
8855.0 3.64
8906.0 3.64
8956.0 3.63
9007.0 3.63
9057.0 3.63
9108.0 3.63
9159.0 3.63
9209.0 3.62
9260.0 3.63
9310.0 3.63
9361.0 3.62
9412.0 3.61
9462.0 3.62
9513.0 3.61
9563.0 3.61
9614.0 3.61
9665.0 3.6
9715.0 3.61
9766.0 3.61
9816.0 3.61
9867.0 3.6
9918.0 3.6
9968.0 3.6
10019.0 3.59
10069.0 3.6
10120.0 3.6
10171.0 3.6
10221.0 3.59
10272.0 3.59
10322.0 3.59
10373.0 3.59
10424.0 3.58
10474.0 3.58
10525.0 3.58
10575.0 3.58
10626.0 3.58
10677.0 3.58
10727.0 3.57
10778.0 3.57
10828.0 3.57
10879.0 3.56
10930.0 3.56
10980.0 3.57
11031.0 3.56
11081.0 3.55
11132.0 3.56
11183.0 3.55
11233.0 3.55
11284.0 3.55
11334.0 3.54
11385.0 3.55
11436.0 3.54
11486.0 3.53
11537.0 3.54
11587.0 3.53
11638.0 3.53
11689.0 3.53
11739.0 3.53
11790.0 3.53
11840.0 3.52
11891.0 3.53
11942.0 3.53
11992.0 3.52
12043.0 3.52
12093.0 3.52
12144.0 3.52
12195.0 3.51
12245.0 3.51
12296.0 3.51
12346.0 3.51
12397.0 3.5
12448.0 3.5
12498.0 3.5
12549.0 3.5
12599.0 3.5
12650.0 3.5
12701.0 3.5
12751.0 3.5
12802.0 3.5
12852.0 3.5
12903.0 3.5
12954.0 3.4899999999999998
13004.0 3.4899999999999998
13055.0 3.4899999999999998
13105.0 3.4899999999999998
13156.0 3.48
13207.0 3.48
13257.0 3.48
13308.0 3.48
13358.0 3.48
13409.0 3.4699999999999998
13460.0 3.4699999999999998
13510.0 3.4699999999999998
13561.0 3.4699999999999998
13611.0 3.4699999999999998
13662.0 3.4699999999999998
13713.0 3.46
13763.0 3.46
13814.0 3.4699999999999998
13864.0 3.46
13915.0 3.46
13966.0 3.46
14016.0 3.4499999999999997
14067.0 3.4499999999999997
14117.0 3.4499999999999997
14168.0 3.4499999999999997
14219.0 3.4499999999999997
14269.0 3.44
14320.0 3.44
14370.0 3.42
14421.0 3.42
14472.0 3.42
14522.0 3.42
14573.0 3.42
14623.0 3.42
14674.0 3.4099999999999997
14725.0 3.4099999999999997
14775.0 3.4
14826.0 3.4099999999999997
14876.0 3.4099999999999997
14927.0 3.4
14978.0 3.4
15028.0 3.4
15079.0 3.4
15129.0 3.39
15180.0 3.3600000000000003
15231.0 3.3600000000000003
15281.0 3.3600000000000003
15332.0 3.35
15382.0 3.35
15433.0 3.35
15484.0 3.35
15534.0 3.3400000000000003
15585.0 3.3400000000000003
15635.0 3.3400000000000003
15686.0 3.3400000000000003
15737.0 3.3400000000000003
15787.0 3.3400000000000003
15838.0 3.33
15888.0 3.3400000000000003
15939.0 3.33
15990.0 3.3200000000000003
16040.0 3.3200000000000003
16091.0 3.3200000000000003
16141.0 3.31
16192.0 3.31
16243.0 3.31
16293.0 3.31
16344.0 3.31
16394.0 3.3000000000000003
16445.0 3.3000000000000003
16496.0 3.3000000000000003
16546.0 3.3000000000000003
16597.0 3.3000000000000003
16647.0 3.3000000000000003
16698.0 3.29
16749.0 3.29
16799.0 3.29
16850.0 3.2800000000000002
16900.0 3.29
16951.0 3.29
17002.0 3.2800000000000002
17052.0 3.2800000000000002
17103.0 3.27
17153.0 3.27
17204.0 3.27
17255.0 3.2800000000000002
17305.0 3.27
17356.0 3.27
17406.0 3.25
17457.0 3.27
17508.0 3.2600000000000002
17558.0 3.29
17609.0 3.2600000000000002
17659.0 3.25
17710.0 3.25
17761.0 3.25
17811.0 3.25
17862.0 3.25
17912.0 3.25
17963.0 3.24
18014.0 3.24
18064.0 3.25
18115.0 3.23
18165.0 3.24
18216.0 3.23
18267.0 3.23
18317.0 3.23
18368.0 3.22
18418.0 3.22
18469.0 3.23
18520.0 3.22
18570.0 3.22
18621.0 3.21
18671.0 3.21
18722.0 3.21
18773.0 3.21
18823.0 3.21
18874.0 3.21
18924.0 3.2
18975.0 3.2
19026.0 3.19
19076.0 3.2
19127.0 3.2
19177.0 3.19
19228.0 3.19
19279.0 3.19
19329.0 3.19
19380.0 3.19
19430.0 3.19
19481.0 3.18
19532.0 3.18
19582.0 3.18
19633.0 3.18
19683.0 3.18
19734.0 3.17
19785.0 3.18
19835.0 3.17
19886.0 3.17
19936.0 3.17
19987.0 3.16
20038.0 3.17
20088.0 3.16
20139.0 3.16
20189.0 3.16
20240.0 3.1149999999999998
20291.0 3.1149999999999998
20341.0 3.1149999999999998
20392.0 3.1149999999999998
20442.0 3.1149999999999998
20493.0 3.1149999999999998
20544.0 3.1149999999999998
20594.0 3.105
20645.0 3.105
20695.0 3.105
20746.0 3.105
20797.0 3.105
20847.0 3.105
20898.0 3.0949999999999998
20948.0 3.0949999999999998
20999.0 3.0949999999999998
21050.0 3.0949999999999998
21100.0 3.0949999999999998
21151.0 3.075
21201.0 3.085
21252.0 3.085
21303.0 3.0949999999999998
21353.0 3.085
21404.0 3.085
21454.0 3.085
21505.0 3.075
21556.0 3.065
21606.0 3.075
21657.0 3.075
21707.0 3.065
21758.0 3.075
21809.0 3.065
21859.0 3.065
21910.0 3.065
21960.0 3.065
22011.0 3.065
22062.0 3.065
22112.0 3.065
22163.0 3.045
22213.0 3.065
22264.0 3.055
22315.0 3.055
22365.0 3.055
22416.0 3.055
22466.0 3.055
22517.0 3.055
22568.0 3.045
22618.0 3.045
22669.0 3.045
22719.0 3.045
22770.0 3.035
22821.0 3.035
22871.0 3.035
22922.0 3.035
22972.0 3.035
23023.0 3.035
23074.0 3.035
23124.0 3.025
23175.0 3.025
23225.0 3.025
23276.0 3.025
23327.0 3.025
23377.0 3.025
23428.0 3.015
23478.0 3.015
23529.0 3.015
23580.0 3.005
23630.0 3.015
23681.0 3.005
23731.0 3.015
23782.0 3.005
23833.0 3.015
23883.0 3.005
23934.0 3.005
23984.0 3.005
24035.0 2.995
24086.0 3.005
24136.0 2.995
24187.0 2.995
24237.0 2.985
24288.0 2.995
24339.0 3.005
24389.0 2.985
24440.0 2.985
24490.0 2.985
24541.0 2.975
24592.0 2.975
24642.0 2.975
24693.0 2.975
24743.0 2.975
24794.0 2.975
24845.0 2.975
24895.0 2.965
24946.0 2.965
24996.0 2.965
25047.0 2.995
25098.0 2.965
25148.0 2.955
25199.0 2.955
25249.0 2.965
25300.0 2.915
25351.0 2.915
25401.0 2.905
25452.0 2.925
25502.0 2.905
25553.0 2.905
25604.0 2.905
25654.0 2.905
25705.0 2.895
25755.0 2.905
25806.0 2.895
25857.0 2.895
25907.0 2.895
25958.0 2.895
26008.0 2.885
26059.0 2.895
26110.0 2.895
26160.0 2.895
26211.0 2.875
26261.0 2.885
26312.0 2.875
26363.0 2.885
26413.0 2.8649999999999998
26464.0 2.875
26514.0 2.875
26565.0 2.8649999999999998
26616.0 2.8649999999999998
26666.0 2.875
26717.0 2.8649999999999998
26767.0 2.8649999999999998
26818.0 2.8649999999999998
26869.0 2.855
26919.0 2.855
26970.0 2.855
27020.0 2.855
27071.0 2.8649999999999998
27122.0 2.855
27172.0 2.8449999999999998
27223.0 2.8449999999999998
27273.0 2.855
27324.0 2.8449999999999998
27375.0 2.8449999999999998
27425.0 2.835
27476.0 2.835
27526.0 2.835
27577.0 2.835
27628.0 2.835
27678.0 2.835
27729.0 2.835
27779.0 2.835
27830.0 2.8249999999999997
27881.0 2.8249999999999997
27931.0 2.8249999999999997
27982.0 2.8249999999999997
28032.0 2.8249999999999997
28083.0 2.815
28134.0 2.8249999999999997
28184.0 2.815
28235.0 2.815
28285.0 2.815
28336.0 2.815
28387.0 2.815
28437.0 2.8049999999999997
28488.0 2.8049999999999997
28538.0 2.8049999999999997
28589.0 2.8049999999999997
28640.0 2.8049999999999997
28690.0 2.795
28741.0 2.795
28791.0 2.795
28842.0 2.795
28893.0 2.785
28943.0 2.785
28994.0 2.785
29044.0 2.795
29095.0 2.785
29146.0 2.785
29196.0 2.785
29247.0 2.775
29297.0 2.775
29348.0 2.775
29399.0 2.775
29449.0 2.765
29500.0 2.775
29550.0 2.765
29601.0 2.755
29652.0 2.775
29702.0 2.765
29753.0 2.755
29803.0 2.765
29854.0 2.755
29905.0 2.755
29955.0 2.755
30006.0 2.755
30056.0 2.745
30107.0 2.745
30158.0 2.745
30208.0 2.745
30259.0 2.735
30309.0 2.735
30360.0 2.7199999999999998
30411.0 2.7199999999999998
30461.0 2.7199999999999998
30512.0 2.7199999999999998
30562.0 2.71
30613.0 2.71
30664.0 2.71
30714.0 2.71
30765.0 2.71
30815.0 2.6999999999999997
30866.0 2.6999999999999997
30917.0 2.6999999999999997
30967.0 2.69
31018.0 2.6999999999999997
31068.0 2.69
31119.0 2.69
31170.0 2.69
31220.0 2.69
31271.0 2.6799999999999997
31321.0 2.6799999999999997
31372.0 2.65
31423.0 2.6799999999999997
31473.0 2.6799999999999997
31524.0 2.6799999999999997
31574.0 2.67
31625.0 2.67
31676.0 2.6599999999999997
31726.0 2.6599999999999997
31777.0 2.67
31827.0 2.6599999999999997
31878.0 2.6599999999999997
31929.0 2.6599999999999997
31979.0 2.65
32030.0 2.65
32080.0 2.65
32131.0 2.65
32182.0 2.65
32232.0 2.6399999999999997
32283.0 2.6399999999999997
32333.0 2.63
32384.0 2.63
32435.0 2.63
32485.0 2.63
32536.0 2.63
32586.0 2.6199999999999997
32637.0 2.6199999999999997
32688.0 2.6199999999999997
32738.0 2.61
32789.0 2.6199999999999997
32839.0 2.6199999999999997
32890.0 2.61
32941.0 2.61
32991.0 2.61
33042.0 2.61
33092.0 2.61
33143.0 2.61
33194.0 2.5999999999999996
33244.0 2.5999999999999996
33295.0 2.5999999999999996
33345.0 2.61
33396.0 2.6100000000000003
33447.0 2.6100000000000003
33497.0 2.6100000000000003
33548.0 2.6
33598.0 2.6100000000000003
33649.0 2.6
33700.0 2.6
33750.0 2.5900000000000003
33801.0 2.5900000000000003
33851.0 2.5900000000000003
33902.0 2.5900000000000003
33953.0 2.5900000000000003
34003.0 2.5900000000000003
34054.0 2.58
34104.0 2.58
34155.0 2.58
34206.0 2.58
34256.0 2.5700000000000003
34307.0 2.5700000000000003
34357.0 2.5700000000000003
34408.0 2.56
34459.0 2.56
34509.0 2.56
34560.0 2.56
34610.0 2.5400000000000005
34661.0 2.5500000000000003
34712.0 2.5500000000000003
34762.0 2.5400000000000005
34813.0 2.5400000000000005
34863.0 2.5400000000000005
34914.0 2.5400000000000005
34965.0 2.5300000000000002
35015.0 2.5300000000000002
35066.0 2.5200000000000005
35116.0 2.5200000000000005
35167.0 2.5200000000000005
35218.0 2.5100000000000002
35268.0 2.5100000000000002
35319.0 2.5000000000000004
35369.0 2.5100000000000002
35420.0 2.5000000000000004
35471.0 2.5000000000000004
35521.0 2.5000000000000004
35572.0 2.4800000000000004
35622.0 2.49
35673.0 2.4800000000000004
35724.0 2.4800000000000004
35774.0 2.47
35825.0 2.4800000000000004
35875.0 2.4800000000000004
35926.0 2.47
35977.0 2.4600000000000004
36027.0 2.4600000000000004
36078.0 2.45
36128.0 2.45
36179.0 2.4400000000000004
36230.0 2.4400000000000004
36280.0 2.4400000000000004
36331.0 2.43
36381.0 2.43
36432.0 2.4200000000000004
36483.0 2.41
36533.0 2.41
36584.0 2.41
36634.0 2.41
36685.0 2.4000000000000004
36736.0 2.4000000000000004
36786.0 2.39
36837.0 2.39
36887.0 2.39
36938.0 2.3800000000000003
36989.0 2.37
37039.0 2.3800000000000003
37090.0 2.3600000000000003
37140.0 2.3600000000000003
37191.0 2.3400000000000003
37242.0 2.35
37292.0 2.3400000000000003
37343.0 2.33
37393.0 2.33
37444.0 2.3200000000000003
37495.0 2.31
37545.0 2.3000000000000003
37596.0 2.3000000000000003
37646.0 2.2900000000000005
37697.0 2.2900000000000005
37748.0 2.2800000000000002
37798.0 2.2800000000000002
37849.0 2.2700000000000005
37899.0 2.2700000000000005
37950.0 2.3600000000000003
38001.0 2.3500000000000005
38051.0 2.3300000000000005
38102.0 2.3200000000000003
38152.0 2.3200000000000003
38203.0 2.3100000000000005
38254.0 2.3000000000000003
38304.0 2.2900000000000005
38355.0 2.2900000000000005
38405.0 2.2800000000000002
38456.0 2.2700000000000005
38507.0 2.2600000000000002
38557.0 2.2500000000000004
38608.0 2.24
38658.0 2.22
38709.0 2.2100000000000004
38760.0 2.2
38810.0 2.1900000000000004
38861.0 2.18
38911.0 2.16
38962.0 2.18
39013.0 2.16
39063.0 2.1500000000000004
39114.0 2.1500000000000004
39164.0 2.1300000000000003
39215.0 2.1100000000000003
39266.0 2.1
39316.0 2.0900000000000003
39367.0 2.0700000000000003
39417.0 2.06
39468.0 2.04
39519.0 2.0300000000000002
39569.0 2.0100000000000002
39620.0 1.99
39670.0 1.9799999999999998
39721.0 1.97
39772.0 1.9399999999999997
39822.0 1.9399999999999997
39873.0 1.93
39923.0 1.91
39974.0 1.9
40025.0 1.89
40075.0 1.89
40126.0 1.8699999999999999
40176.0 1.8699999999999999
40227.0 1.8599999999999999
40278.0 1.8499999999999999
40328.0 1.8399999999999999
40379.0 1.8399999999999999
40429.0 1.8299999999999998
0.0 1.8399999999999999
0.0 1.8399999999999999
0.0 1.8299999999999998
0.0 1.8199999999999998
0.0 1.8
0.0 1.81
0.0 1.81
0.0 1.81
0.0 1.8
0.0 1.8
0.0 1.79
0.0 1.79
0.0 1.79
0.0 1.78
0.0 1.78
0.0 1.78
0.0 1.77
0.0 1.76
0.0 1.76
0.0 1.75
0.0 1.76
0.0 1.75
0.0 1.75
0.0 1.75
0.0 1.75
0.0 1.74
0.0 1.74
0.0 1.73
0.0 1.73
0.0 1.73
0.0 1.73
0.0 1.72
0.0 1.72
0.0 1.72
0.0 1.73
0.0 1.71
0.0 1.71
0.0 1.71
0.0 1.69
0.0 1.69
0.0 1.69
0.0 1.68
0.0 1.68
0.0 1.68
0.0 1.68
0.0 1.67
0.0 1.67
0.0 1.66
0.0 1.66
0.0 1.66
0.0 1.65
0.0 1.65
0.0 1.65
0.0 1.64
0.0 1.64
0.0 1.63
0.0 1.64
0.0 1.63
0.0 1.63
0.0 1.6199999999999999
0.0 1.6199999999999999
0.0 1.6199999999999999
0.0 1.6099999999999999
0.0 1.6099999999999999
0.0 1.6099999999999999
0.0 1.5999999999999999
0.0 1.5999999999999999
0.0 1.5899999999999999
0.0 1.5899999999999999
0.0 1.5899999999999999
0.0 1.5799999999999998
0.0 1.5799999999999998
0.0 1.5699999999999998
0.0 1.5699999999999998
0.0 1.56
0.0 1.56
0.0 1.55
0.0 1.55
0.0 1.55
0.0 1.54
0.0 1.56
0.0 1.54
0.0 1.53
0.0 1.53
0.0 1.52
0.0 1.52
0.0 1.52
0.0 1.51
0.0 1.51
0.0 1.5
0.0 1.5
0.0 1.49
0.0 1.49
0.0 1.49
0.0 1.48
0.0 1.48
0.0 1.48
0.0 1.47
0.0 1.47
0.0 1.47
0.0 1.52
0.0 1.53
0.0 1.52
0.0 1.52
0.0 1.52
0.0 1.51
0.0 1.5
0.0 1.5
0.0 1.5
0.0 1.5
0.0 1.5
0.0 1.49
0.0 1.48
0.0 1.49
0.0 1.48
0.0 1.48
0.0 1.47
0.0 1.47
0.0 1.47
0.0 1.46
0.0 1.46
0.0 1.46
0.0 1.45
0.0 1.45
0.0 1.43
0.0 1.45
0.0 1.44
0.0 1.43
0.0 1.43
0.0 1.43
0.0 1.44
0.0 1.42
0.0 1.42
0.0 1.42
0.0 1.42
0.0 1.41
0.0 1.41
0.0 1.41
0.0 1.39
0.0 1.4
0.0 1.4
0.0 1.4
0.0 1.4
0.0 1.4
0.0 1.39
0.0 1.39
0.0 1.38
0.0 1.38
0.0 1.38
0.0 1.38
0.0 1.38
0.0 1.37
0.0 1.38
0.0 1.37
0.0 1.37
0.0 1.37
0.0 1.36
0.0 1.36
0.0 1.36
0.0 1.36
0.0 1.35
0.0 1.35
0.0 1.35
0.0 1.35
0.0 1.34
0.0 1.34
0.0 1.33
0.0 1.33
0.0 1.33
0.0 1.33
0.0 1.33
0.0 1.33
0.0 1.33
0.0 1.32
0.0 1.32
0.0 1.31
0.0 1.32
0.0 1.32
0.0 1.31
0.0 1.32
0.0 1.31
0.0 1.3
0.0 1.3
0.0 1.3
0.0 1.3
0.0 1.3
0.0 1.3
0.0 1.3
0.0 1.3
0.0 1.3
0.0 1.3
0.0 1.3
0.0 1.29
0.0 1.29
0.0 1.29
0.0 1.29
0.0 1.29
0.0 1.28
0.0 1.28
0.0 1.29
0.0 1.27
0.0 1.28
0.0 1.27
0.0 1.28
0.0 1.28
0.0 1.28
0.0 1.27
0.0 1.26
0.0 1.28
0.0 1.27
0.0 1.26
0.0 1.26
0.0 1.26
0.0 1.26
0.0 1.26
0.0 1.23
0.0 1.25
0.0 1.25
0.0 1.24
0.0 1.24
0.0 1.25
0.0 1.25
0.0 1.24
0.0 1.23
0.0 1.24
0.0 1.23
0.0 1.24
0.0 1.23
0.0 1.24
0.0 1.23
0.0 1.23
0.0 1.23
0.0 1.23
0.0 1.23
0.0 1.23
0.0 1.24
0.0 1.22
0.0 1.23
0.0 1.22
0.0 1.22
0.0 1.22
0.0 1.22
0.0 1.21
0.0 1.21
0.0 1.21
0.0 1.21
0.0 1.21
0.0 1.21
0.0 1.21
0.0 1.21
0.0 1.2
0.0 1.2
0.0 1.19
0.0 1.19
0.0 1.2
0.0 1.2
0.0 1.19
0.0 1.19
0.0 1.19
0.0 1.2
0.0 1.19
0.0 1.19
0.0 1.19
0.0 1.19
0.0 1.19
0.0 1.19
0.0 1.19
0.0 1.19
0.0 1.19
0.0 1.19
0.0 1.19
0.0 1.19
0.0 1.18
0.0 1.18
0.0 1.17
0.0 1.19
0.0 1.18
0.0 1.19
0.0 1.19
0.0 1.19
0.0 1.19
0.0 1.18
0.0 1.18
0.0 1.18
0.0 1.18
0.0 1.18
0.0 1.18
0.0 1.18
0.0 1.18
0.0 1.17
0.0 1.17
0.0 1.17
0.0 1.17
0.0 1.17
0.0 1.17
0.0 1.16
0.0 1.16
0.0 1.17
0.0 1.16
0.0 1.16
0.0 1.15
0.0 1.15
0.0 1.15
0.0 1.17
0.0 1.15
0.0 1.15
0.0 1.15
0.0 1.15
0.0 1.14
0.0 1.13
0.0 1.15
0.0 1.14
0.0 1.14
0.0 1.14
0.0 1.13
0.0 1.13
0.0 1.15
0.0 1.13
0.0 1.13
0.0 1.13
0.0 1.13
0.0 1.13
0.0 1.13
0.0 1.13
0.0 1.13
0.0 1.13
0.0 1.13
0.0 1.13
0.0 1.13
0.0 1.13
0.0 1.13
0.0 1.13
0.0 1.13
0.0 1.12
0.0 1.12
0.0 1.12
0.0 1.12
0.0 1.12
0.0 1.12
0.0 1.12
0.0 1.12
0.0 1.12
0.0 1.12
0.0 1.13
0.0 1.12
0.0 1.13
0.0 1.12
0.0 1.12
0.0 1.12
0.0 1.12
0.0 1.12
0.0 1.12
0.0 1.12
0.0 1.12
0.0 1.12
0.0 1.12
0.0 1.11
0.0 1.12
0.0 1.12
0.0 1.12
0.0 1.12
0.0 1.12
0.0 1.1
0.0 1.12
0.0 1.12
0.0 1.11
0.0 1.11
0.0 1.12
0.0 1.11
0.0 1.11
0.0 1.12
0.0 1.11
0.0 1.11
0.0 1.11
0.0 1.11
0.0 1.1
0.0 1.11
0.0 1.11
0.0 1.11
0.0 1.11
0.0 1.11
0.0 1.11
0.0 1.1
0.0 1.11
0.0 1.09
0.0 1.1
0.0 1.11
0.0 1.1
0.0 1.1
0.0 1.1
0.0 1.11
0.0 1.11
0.0 1.09
0.0 1.1
0.0 1.09
0.0 1.09
0.0 1.09
0.0 1.1
0.0 1.1
0.0 1.1
0.0 1.1
0.0 1.1
0.0 1.1
0.0 1.1
0.0 1.09
0.0 1.09
0.0 1.09
0.0 1.1
0.0 1.09
0.0 1.09
0.0 1.09
0.0 1.09
0.0 1.09
0.0 1.09
0.0 1.09
0.0 1.09
0.0 1.09
0.0 1.09
0.0 1.08
0.0 1.09
0.0 1.08
0.0 1.08
0.0 1.08
0.0 1.08
0.0 1.08
0.0 1.08
0.0 1.07
0.0 1.08
0.0 1.07
0.0 1.07
0.0 1.07
0.0 1.08
0.0 1.07
0.0 1.07
0.0 1.07
0.0 1.07
0.0 1.07
0.0 1.07
0.0 1.06
0.0 1.07
0.0 1.07
0.0 1.06
0.0 1.06
0.0 1.06
0.0 1.06
0.0 1.06
0.0 1.09
0.0 1.06
0.0 1.06
0.0 1.06
0.0 1.06
0.0 1.06
0.0 1.06
0.0 1.06
0.0 1.06
0.0 1.07
0.0 1.06
0.0 1.06
0.0 1.06
0.0 1.07
0.0 1.06
0.0 1.05
0.0 1.06
0.0 1.06
0.0 1.06
0.0 1.06
0.0 1.06
0.0 1.05
0.0 1.06
0.0 1.05
0.0 1.06
0.0 1.06
0.0 1.06
0.0 1.06
0.0 1.05
0.0 1.05
0.0 1.06
0.0 1.06
0.0 1.05
0.0 1.06
0.0 1.06
0.0 1.06
0.0 1.06
0.0 1.06
0.0 1.06
0.0 1.06
0.0 1.06
0.0 1.07
0.0 1.05
0.0 1.06
0.0 1.06
0.0 1.06
0.0 1.06
0.0 1.06
0.0 1.06
0.0 1.06
0.0 1.06
0.0 1.05
0.0 1.05
0.0 1.05
0.0 1.04
0.0 1.04
0.0 1.05
0.0 1.05
0.0 1.04
0.0 1.05
0.0 1.05
0.0 1.05
0.0 1.05
0.0 1.06
0.0 1.05
0.0 1.05
0.0 1.05
0.0 1.05
0.0 1.05
0.0 1.05
0.0 1.05
0.0 1.05
0.0 1.05
0.0 1.06
0.0 1.05
0.0 1.05
0.0 1.05
0.0 1.05
0.0 1.04
0.0 1.05
0.0 1.05
0.0 1.05
0.0 1.06
0.0 1.05
0.0 1.05
0.0 1.05
0.0 1.04
0.0 1.04
0.0 1.04
0.0 1.04
0.0 1.05
0.0 1.04
0.0 1.04
0.0 1.04
0.0 1.04
0.0 1.04
0.0 1.04
0.0 1.04
0.0 1.04
0.0 1.03
0.0 1.03
0.0 1.04
0.0 1.04
0.0 1.04
0.0 1.04
0.0 1.04
0.0 1.04
0.0 1.04
0.0 1.04
0.0 1.05
0.0 1.05
0.0 1.04
0.0 1.05
0.0 1.05
0.0 1.05
0.0 1.05
0.0 1.05
0.0 1.05
0.0 1.05
0.0 1.05
0.0 1.05
0.0 1.05
0.0 1.05
0.0 1.05
0.0 1.05
0.0 1.05
0.0 1.05
0.0 1.05
0.0 1.05
0.0 1.05
0.0 1.05
0.0 1.05
0.0 1.04
0.0 1.05
0.0 1.06
0.0 1.05
0.0 1.05
0.0 1.05
0.0 1.05
0.0 1.04
0.0 1.04
0.0 1.04
0.0 1.04
0.0 1.04
0.0 1.05
0.0 1.05
0.0 1.04
0.0 1.04
0.0 1.04
0.0 1.04
0.0 1.05
0.0 1.04
0.0 1.04
0.0 1.03
0.0 1.03
0.0 1.03
0.0 1.03
0.0 1.04
0.0 1.03
0.0 1.04
0.0 1.04
0.0 1.04
0.0 1.04
0.0 1.03
0.0 1.04
0.0 1.04
0.0 1.03
0.0 1.04
0.0 1.03
0.0 1.03
0.0 1.03
0.0 1.03
0.0 1.03
0.0 1.03
0.0 1.03
0.0 1.03
0.0 1.03
0.0 1.03
0.0 1.03
0.0 1.03
0.0 1.03
0.0 1.04
0.0 1.03
0.0 1.03
0.0 1.03
0.0 1.04
0.0 1.04
0.0 1.04
0.0 1.03
0.0 1.04
0.0 1.03
0.0 1.03
0.0 1.04
0.0 1.04
0.0 1.03
0.0 1.03
0.0 1.04
0.0 1.03
0.0 1.03
0.0 1.04
0.0 1.04
0.0 1.04
0.0 1.04
0.0 1.04
0.0 1.03
0.0 1.03
0.0 1.04
0.0 1.03
0.0 1.04
0.0 1.04
0.0 1.03
0.0 1.04
0.0 1.03
0.0 1.03
0.0 1.02
0.0 1.04
0.0 1.02
0.0 1.03
0.0 1.03
0.0 1.02
0.0 1.03
0.0 1.03
0.0 1.03
0.0 1.03
0.0 1.02
0.0 1.03
0.0 1.0
0.0 1.03
0.0 1.04
0.0 1.03
0.0 1.03
0.0 1.02
0.0 1.03
0.0 1.03
0.0 1.02
0.0 1.04
0.0 1.02
0.0 1.02
0.0 1.02
0.0 1.02
0.0 1.03
0.0 1.02
0.0 1.02
0.0 1.02
0.0 1.02
0.0 1.03
0.0 1.02
0.0 1.02
0.0 1.02
0.0 1.02
0.0 1.02
0.0 1.02
0.0 1.03
0.0 1.02
0.0 1.02
0.0 1.02
0.0 1.05
0.0 1.02
0.0 1.02
0.0 1.02
0.0 1.02
0.0 1.02
0.0 1.01
0.0 1.02
0.0 1.01
0.0 1.02
0.0 1.01
0.0 1.02
0.0 1.03
0.0 1.03
0.0 1.02
0.0 1.02
0.0 1.02
0.0 1.03
0.0 1.02
0.0 1.02
0.0 1.02
0.0 1.02
0.0 1.02
0.0 1.02
0.0 1.01
0.0 1.02
0.0 1.01
0.0 1.02
0.0 1.02
0.0 1.01
0.0 1.03
0.0 1.02
0.0 1.02
0.0 1.02
0.0 1.01
0.0 1.02
0.0 1.01
0.0 1.02
0.0 1.02
0.0 1.02
0.0 1.02
0.0 1.02
0.0 1.01
0.0 1.02
0.0 1.02
0.0 1.02
0.0 1.02
0.0 1.02
0.0 1.02
0.0 1.01
0.0 1.01
0.0 1.0
0.0 1.02
0.0 1.02
0.0 1.0
0.0 1.02
0.0 1.02
0.0 1.02
0.0 1.01
0.0 1.01
0.0 1.01
0.0 1.01
0.0 1.03
0.0 1.01
0.0 1.02
0.0 1.01
0.0 1.01
0.0 1.01
0.0 1.01
0.0 1.01
0.0 1.0
0.0 1.01
0.0 1.01
0.0 1.01
0.0 1.01
0.0 1.01
0.0 1.01
0.0 1.01
0.0 1.01
0.0 1.01
0.0 1.0
0.0 1.01
0.0 1.01
0.0 1.0
0.0 1.01
0.0 1.01
0.0 1.01
0.0 1.0
0.0 1.0
0.0 1.01
0.0 1.0
0.0 1.01
0.0 1.0
0.0 0.99
0.0 1.01
0.0 1.0
0.0 1.0
0.0 1.0
0.0 1.0
0.0 1.0
0.0 1.0
0.0 1.0
0.0 1.0
0.0 1.01
0.0 1.0
0.0 1.01
0.0 1.01
0.0 1.01
0.0 1.01
0.0 1.0
0.0 1.0
0.0 0.99
0.0 0.99
0.0 1.0
0.0 0.99
0.0 0.99
0.0 0.99
0.0 0.97
0.0 1.0
0.0 0.99
0.0 0.99
0.0 0.99
0.0 1.01
0.0 1.01
0.0 1.01
0.0 1.0
0.0 1.0
0.0 1.0
0.0 1.0
0.0 1.0
0.0 1.0
0.0 1.0
0.0 1.0
0.0 0.99
0.0 1.0
0.0 0.99
0.0 1.0
0.0 1.0
0.0 1.0
0.0 1.0
0.0 1.0
0.0 1.0
0.0 0.99
0.0 0.99
0.0 0.99
0.0 0.99
0.0 1.0
0.0 1.0
0.0 1.0
0.0 1.0
0.0 0.99
0.0 0.99
0.0 1.0
0.0 1.0
0.0 1.0
0.0 1.0
0.0 1.0
0.0 1.0
0.0 0.99
0.0 0.99
0.0 0.99
0.0 1.0
0.0 0.99
0.0 0.99
0.0 1.0
0.0 1.0
0.0 0.99
0.0 1.0
0.0 0.99
0.0 1.0
0.0 0.99
0.0 0.99
0.0 0.99
0.0 0.99
0.0 0.99
0.0 0.99
0.0 0.99
0.0 0.99
0.0 0.99
0.0 0.99
0.0 1.0
0.0 1.0
0.0 1.0
0.0 0.99
0.0 0.98
0.0 0.98
0.0 0.98
0.0 0.98
0.0 0.98
0.0 0.98
0.0 0.98
0.0 0.99
0.0 0.99
0.0 0.99
0.0 0.99
0.0 0.99
0.0 0.98
0.0 0.98
0.0 0.98
0.0 0.98
0.0 0.98
0.0 0.98
0.0 0.98
0.0 0.98
0.0 0.99
0.0 0.98
0.0 0.98
0.0 0.99
0.0 0.99
0.0 0.99
0.0 0.98
0.0 0.98
0.0 0.99
0.0 0.99
0.0 0.99
0.0 0.99
0.0 0.99
0.0 0.98
0.0 0.98
0.0 0.99
0.0 0.99
0.0 0.98
0.0 0.98
0.0 0.98
0.0 0.98
0.0 0.99
0.0 0.99
0.0 0.98
0.0 0.98
0.0 0.98
0.0 0.99
0.0 0.98
0.0 0.99
0.0 0.99
0.0 0.99
0.0 0.99
0.0 0.99
0.0 0.98
0.0 0.98
0.0 0.98
0.0 0.98
0.0 0.98
0.0 0.98
0.0 0.98
0.0 0.98
0.0 0.99
0.0 0.98
0.0 0.99
0.0 0.99
0.0 0.98
0.0 0.98
0.0 0.99
0.0 0.98
0.0 0.98
0.0 0.99
0.0 0.98
0.0 0.98
0.0 0.98
0.0 0.96
0.0 0.99
0.0 0.98
0.0 0.98
0.0 0.99
0.0 0.99
0.0 0.98
0.0 0.98
0.0 0.97
0.0 0.97
0.0 0.97
0.0 0.96
0.0 0.97
0.0 0.97
0.0 0.97
0.0 0.98
0.0 0.97
0.0 0.98
0.0 0.98
0.0 0.98
0.0 0.97
0.0 0.96
0.0 0.96
0.0 0.96
0.0 0.96
0.0 0.96
0.0 0.96
0.0 0.96
0.0 0.96
0.0 0.96
0.0 0.97
0.0 0.96
0.0 0.96
0.0 0.96
0.0 0.96
0.0 0.96
0.0 0.96
0.0 0.96
0.0 0.96
0.0 0.96
0.0 0.96
0.0 0.97
0.0 0.96
0.0 0.97
0.0 0.97
0.0 0.97
0.0 0.97
0.0 0.96
0.0 0.96
0.0 0.97
0.0 0.98
0.0 0.97
0.0 0.96
0.0 0.96
0.0 0.96
0.0 0.96
0.0 0.96
0.0 0.96
0.0 0.96
0.0 0.96
0.0 0.94
0.0 0.96
0.0 0.96
0.0 0.96
0.0 0.96
0.0 0.96
0.0 0.97
0.0 0.96
0.0 0.96
0.0 0.97
0.0 0.96
0.0 0.96
0.0 0.96
0.0 0.97
0.0 0.96
0.0 0.97
0.0 0.97
0.0 0.96
0.0 0.96
0.0 0.97
0.0 0.97
0.0 0.96
0.0 0.97
0.0 0.97
0.0 0.96
0.0 0.97
0.0 0.96
0.0 0.96
0.0 0.96
0.0 0.96
0.0 0.96
0.0 0.95
0.0 0.95
0.0 0.96
0.0 0.96
0.0 0.96
0.0 0.96
0.0 0.96
0.0 0.95
0.0 0.95
0.0 0.95
0.0 0.95
0.0 0.95
0.0 0.96
0.0 0.95
0.0 0.96
0.0 0.96
0.0 0.97
0.0 0.96
0.0 0.97
0.0 0.96
0.0 0.97
0.0 0.95
0.0 0.95
0.0 0.96
0.0 0.96
0.0 0.95
0.0 0.96
0.0 0.96
0.0 0.96
0.0 0.96
0.0 0.96
0.0 0.96
0.0 0.97
0.0 0.96
0.0 0.96
0.0 0.96
0.0 0.97
0.0 0.96
0.0 0.97
0.0 0.96
0.0 0.95
0.0 0.95
0.0 0.96
0.0 0.95
0.0 0.96
0.0 0.95
0.0 0.95
0.0 0.95
0.0 0.95
0.0 0.95
0.0 0.95
0.0 0.96
0.0 0.96
0.0 0.95
0.0 0.95
0.0 0.95
0.0 0.96
0.0 0.96
0.0 0.96
0.0 0.96
0.0 0.96
0.0 0.95
0.0 0.95
0.0 0.95
0.0 0.96
0.0 0.95
0.0 0.94
0.0 0.96
0.0 0.96
0.0 0.96
0.0 0.96
0.0 0.96
0.0 0.95
0.0 0.95
0.0 0.95
0.0 0.95
0.0 0.95
0.0 0.96
0.0 0.96
0.0 0.96
0.0 0.97
0.0 0.96
0.0 0.96
0.0 0.96
0.0 0.97
0.0 0.95
0.0 0.95
0.0 0.96
0.0 0.96
0.0 0.96
0.0 0.96
0.0 0.97
0.0 0.96
0.0 0.96
0.0 0.96
0.0 0.96
0.0 0.96
0.0 0.96
0.0 0.96
0.0 0.96
0.0 0.96
0.0 0.96
0.0 0.96
0.0 0.96
0.0 0.97
0.0 0.97
0.0 0.96
0.0 0.96
0.0 0.96
