0 3.54 0.00
50 3.52 0.00
101 3.52 0.00
152 3.52 0.00
202 3.52 0.00
253 3.52 0.00
305 3.52 0.00
355 3.51 0.00
406 3.51 0.00
456 3.50 0.00
507 3.51 0.00
559 3.51 0.00
609 3.50 0.00
660 3.50 0.00
711 3.50 0.00
761 3.50 0.00
813 3.49 0.00
863 3.49 0.00
914 3.49 0.00
965 3.49 0.00
1015 3.48 0.00
1067 3.48 0.00
1118 3.48 0.00
1168 3.48 0.00
1219 3.47 0.00
1270 3.47 0.00
1320 3.47 0.00
1372 3.47 0.00
1423 3.47 0.00
1473 3.47 0.00
1524 3.46 0.00
1575 3.47 0.00
1626 3.46 0.00
1677 3.45 0.00
1728 3.45 0.00
1778 3.45 0.00
1829 3.44 0.00
1881 3.44 0.00
1931 3.44 0.00
1982 3.44 0.00
2033 3.44 0.00
2083 3.43 0.00
2135 3.43 0.00
2186 3.43 0.00
2236 3.43 0.00
2287 3.43 0.00
2338 3.43 0.00
2388 3.42 0.00
2440 3.42 0.00
2491 3.42 0.00
2541 3.41 0.00
2592 3.42 0.00
2643 3.42 0.00
2694 3.41 0.00
2745 3.41 0.00
2796 3.40 0.00
2846 3.40 0.00
2897 3.40 0.00
2949 3.41 0.00
2999 3.40 0.00
3050 3.40 0.00
3101 3.38 0.00
3151 3.40 0.00
3203 3.39 0.00
3254 3.42 0.00
3304 3.39 0.00
3355 3.38 0.00
3406 3.38 0.00
3457 3.38 0.00
3508 3.38 0.00
3559 3.38 0.00
3609 3.38 0.00
3660 3.37 0.00
3712 3.37 0.00
3762 3.38 0.00
3813 3.36 0.00
3864 3.37 0.00
3914 3.36 0.00
3965 3.36 0.00
4017 3.36 0.01
4067 3.35 0.00
4118 3.35 0.00
4169 3.36 0.00
4219 3.35 0.00
4271 3.35 0.00
4322 3.34 0.00
4372 3.34 0.00
4423 3.34 0.00
4474 3.34 0.00
4525 3.34 0.00
4576 3.34 0.00
4627 3.33 0.00
4677 3.33 0.00
4728 3.32 0.00
4780 3.33 0.00
4830 3.33 0.00
4881 3.32 0.00
4932 3.32 0.00
4982 3.32 0.00
5033 3.32 0.00
5085 3.32 0.00
5135 3.32 0.00
5186 3.31 0.00
5237 3.31 0.00
5287 3.31 0.00
5339 3.31 0.00
5390 3.31 0.00
5440 3.30 0.00
5491 3.31 0.00
5542 3.30 0.00
5593 3.30 0.00
5644 3.30 0.00
5695 3.29 0.00
5745 3.30 0.00
5796 3.29 0.00
5848 3.29 0.00
5898 3.29 0.00
5949 3.28 0.00
6000 3.28 0.00
6050 3.28 0.00
6102 3.28 0.00
6153 3.28 0.00
6203 3.28 0.00
6254 3.28 0.00
6305 3.27 0.00
6355 3.27 0.00
6407 3.27 0.00
6458 3.27 0.00
6508 3.27 0.00
6559 3.27 0.00
6610 3.26 0.00
6661 3.26 0.00
6712 3.26 0.00
6762 3.26 0.00
6813 3.26 0.00
6864 3.24 0.00
6915 3.25 0.00
6966 3.25 0.00
7017 3.26 0.00
7067 3.25 0.00
7118 3.25 0.00
7170 3.25 0.00
7220 3.24 0.00
7271 3.23 0.00
7322 3.24 0.00
7372 3.24 0.00
7424 3.23 0.00
7475 3.24 0.00
7525 3.23 0.00
7576 3.23 0.00
7627 3.23 0.00
7677 3.23 0.00
7729 3.23 0.00
7780 3.23 0.00
7830 3.23 0.00
7881 3.21 0.00
7932 3.23 0.00
7983 3.22 0.00
8034 3.22 0.00
8085 3.22 0.00
8135 3.22 0.00
8186 3.22 0.00
8238 3.22 0.00
8288 3.21 0.00
8339 3.21 0.00
8390 3.21 0.00
8440 3.21 0.00
8492 3.20 0.00
8543 3.20 0.00
8593 3.20 0.00
8644 3.20 0.00
8695 3.20 0.00
8745 3.20 0.00
8797 3.20 0.00
8848 3.19 0.00
8898 3.19 0.00
8949 3.19 0.00
9000 3.19 0.00
9051 3.19 0.00
9102 3.19 0.00
9153 3.18 0.00
9203 3.18 0.00
9254 3.18 0.00
9306 3.17 0.00
9356 3.18 0.00
9407 3.17 0.00
9458 3.18 0.00
9508 3.17 0.00
9560 3.18 0.00
9611 3.17 0.00
9661 3.17 0.00
9712 3.17 0.00
9763 3.16 0.00
9814 3.17 0.00
9865 3.16 0.00
9916 3.16 0.00
9966 3.15 0.00
10017 3.16 0.00
10068 3.17 0.00
10119 3.15 0.00
10170 3.15 0.00
10221 3.15 0.00
10271 3.14 0.00
10322 3.14 0.00
10374 3.14 0.00
10424 3.14 0.00
10475 3.14 0.00
10526 3.14 0.00
10577 3.14 0.00
10628 3.13 0.00
10679 3.13 0.00
10730 3.13 0.00
10780 3.16 0.00
10831 3.13 0.00
10883 3.12 0.00
10933 3.12 0.00
10984 3.13 0.00
11035 3.12 0.00
11085 3.12 0.00
11137 3.11 0.00
11188 3.13 0.00
11239 3.11 0.00
11289 3.11 0.00
11340 3.11 0.00
11392 3.11 0.00
11442 3.10 0.00
11493 3.11 0.00
11544 3.10 0.00
11594 3.10 0.00
11645 3.10 0.00
11697 3.10 0.00
11747 3.09 0.00
11798 3.10 0.00
11849 3.10 0.00
11900 3.10 0.00
11951 3.08 0.00
12002 3.09 0.00
12053 3.08 0.00
12103 3.09 0.00
12154 3.07 0.00
12206 3.08 0.00
12256 3.08 0.00
12307 3.07 0.00
12358 3.07 0.00
12408 3.08 0.00
12460 3.07 0.00
12511 3.07 0.00
12562 3.07 0.00
12612 3.06 0.00
12663 3.06 0.00
12715 3.06 0.00
12765 3.06 0.00
12816 3.07 0.00
12867 3.06 0.00
12917 3.05 0.00
12968 3.05 0.00
13020 3.06 0.00
13070 3.05 0.00
13121 3.05 0.00
13172 3.04 0.00
13223 3.04 0.00
13274 3.04 0.00
13325 3.04 0.00
13376 3.04 0.00
13426 3.04 0.00
13477 3.04 0.00
13529 3.04 0.00
13579 3.03 0.00
13630 3.03 0.00
13681 3.03 0.00
13731 3.03 0.00
13783 3.03 0.00
13834 3.02 0.00
13885 3.03 0.00
13935 3.02 0.00
13986 3.02 0.00
14038 3.02 0.00
14088 3.02 0.00
14139 3.02 0.00
14190 3.01 0.00
14240 3.01 0.00
14291 3.01 0.00
14343 3.01 0.00
14393 3.01 0.00
14444 3.00 0.00
14495 3.00 0.00
14546 3.00 0.00
14597 3.00 0.00
14648 2.99 0.00
14699 2.99 0.00
14749 2.99 0.00
14800 3.00 0.00
14852 2.99 0.00
14902 2.99 0.00
14953 2.99 0.00
15004 2.98 0.00
15055 2.98 0.00
15106 2.98 0.00
15157 2.98 0.00
15208 2.97 0.00
15258 2.98 0.00
15309 2.97 0.00
15361 2.96 0.00
15411 2.98 0.00
15462 2.97 0.00
15513 2.96 0.00
15564 2.97 0.00
15614 2.96 0.00
15666 2.96 0.00
15717 2.96 0.00
15767 2.96 0.00
15818 2.95 0.00
15869 2.95 0.00
15920 2.95 0.00
15971 2.95 0.00
16022 2.94 0.00
16073 2.94 0.00
16123 2.94 0.00
16175 2.94 0.00
16226 2.94 0.00
16276 2.94 0.00
16327 2.93 0.00
16378 2.93 0.00
16429 2.93 0.00
16480 2.93 0.00
16531 2.93 0.00
16582 2.92 0.00
16632 2.92 0.00
16684 2.92 0.00
16735 2.91 0.00
16785 2.92 0.00
16836 2.91 0.00
16887 2.91 0.00
16937 2.91 0.00
16989 2.91 0.00
17040 2.90 0.00
17091 2.90 0.00
17141 2.87 0.00
17192 2.90 0.00
17244 2.90 0.00
17294 2.90 0.00
17345 2.89 0.00
17396 2.89 0.00
17446 2.88 0.00
17498 2.88 0.00
17549 2.89 0.00
17599 2.88 0.00
17650 2.88 0.00
17701 2.88 0.00
17753 2.87 0.00
17803 2.87 0.00
17854 2.87 0.00
17905 2.87 0.00
17955 2.87 0.00
18007 2.86 0.00
18058 2.86 0.00
18108 2.85 0.00
18159 2.85 0.00
18210 2.85 0.00
18262 2.85 0.00
18312 2.85 0.00
18363 2.84 0.00
18414 2.84 0.00
18464 2.84 0.00
18515 2.83 0.00
18567 2.84 0.00
18617 2.84 0.00
18668 2.83 0.00
18719 2.83 0.00
18770 2.83 0.00
18821 2.83 0.00
18872 2.83 0.00
18923 2.83 0.00
18973 2.82 0.00
19024 2.82 0.00
19076 2.82 0.00
19126 2.83 0.00
19177 2.81 0.00
19228 2.81 0.00
19278 2.81 0.00
19330 2.80 0.00
19381 2.81 0.00
19432 2.80 0.00
19482 2.80 0.00
19533 2.79 0.00
19585 2.79 0.00
19635 2.79 0.00
19686 2.79 0.00
19737 2.79 0.00
19787 2.79 0.00
19838 2.78 0.00
19890 2.78 0.00
19941 2.78 0.00
19991 2.78 0.00
20042 2.77 0.00
20093 2.77 0.00
20144 2.77 0.00
20195 2.76 0.00
20246 2.76 0.00
20296 2.76 0.00
20347 2.76 0.00
20399 2.74 0.00
20450 2.75 0.00
20500 2.75 0.00
20551 2.74 0.00
20602 2.74 0.00
20653 2.74 0.00
20704 2.74 0.00
20755 2.73 0.00
20805 2.73 0.00
20856 2.72 0.00
20908 2.72 0.00
20959 2.72 0.00
21009 2.71 0.00
21060 2.71 0.00
21111 2.70 0.00
21161 2.71 0.00
21213 2.70 0.00
21264 2.70 0.00
21314 2.70 0.00
21365 2.68 0.00
21416 2.69 0.00
21467 2.68 0.00
21518 2.68 0.00
21569 2.67 0.00
21620 2.68 0.00
21670 2.68 0.00
21722 2.67 0.00
21773 2.66 0.00
21823 2.66 0.00
21874 2.65 0.00
21925 2.65 0.00
21976 2.64 0.00
22027 2.64 0.00
22078 2.64 0.00
22129 2.63 0.00
22179 2.63 0.00
22231 2.62 0.00
22282 2.61 0.00
22332 2.61 0.00
22383 2.61 0.00
22434 2.61 0.00
22484 2.60 0.00
22536 2.60 0.00
22587 2.59 0.00
22637 2.59 0.00
22688 2.59 0.00
22739 2.58 0.00
22791 2.57 0.00
22841 2.58 0.00
22892 2.56 0.00
22943 2.56 0.00
22993 2.54 0.00
23045 2.55 0.00
23096 2.54 0.00
23146 2.53 0.00
23197 2.53 0.00
23248 2.52 0.00
23300 2.51 0.00
23350 2.50 0.00
23401 2.50 0.00
23452 2.49 0.00
23502 2.49 0.00
23554 2.48 0.00
23605 2.48 0.00
23655 2.47 0.00
23706 2.47 0.00
23757 2.46 0.00
23809 2.45 0.00
23859 2.43 0.00
23910 2.42 0.00
23961 2.42 0.00
24011 2.41 0.00
24062 2.40 0.00
24114 2.39 0.00
24164 2.39 0.00
24215 2.38 0.00
24266 2.37 0.00
24316 2.36 0.00
24368 2.35 0.00
24419 2.34 0.00
24470 2.32 0.00
24520 2.31 0.00
24571 2.30 0.00
24623 2.29 0.00
24673 2.28 0.00
24724 2.26 0.00
24775 2.25 0.00
24825 2.23 0.00
24877 2.22 0.00
24928 2.22 0.00
24978 2.20 0.00
25029 2.18 0.00
25080 2.17 0.00
25132 2.16 0.00
25182 2.14 0.00
25233 2.13 0.00
25284 2.11 0.00
25334 2.10 0.00
25385 2.08 0.00
25437 2.06 0.00
25487 2.05 0.00
25538 2.04 0.00
25589 2.01 0.00
25639 2.01 0.00
25691 2.00 0.00
25742 1.98 0.00
25793 1.97 0.00
25843 1.96 0.00
25894 1.96 0.00
25946 1.94 0.00
25996 1.94 0.00
26047 1.93 0.00
26098 1.92 0.00
26148 1.91 0.00
26200 1.91 0.01
26251 1.90 0.00
26301 1.90 0.00
26352 1.90 0.00
26403 1.89 0.00
26455 1.88 0.00
26505 1.86 0.00
26556 1.87 0.00
26607 1.87 0.00
26657 1.87 0.00
26708 1.86 0.00
26760 1.86 0.00
26810 1.85 0.00
26861 1.85 0.00
26912 1.85 0.00
26962 1.84 0.00
27014 1.84 0.00
27065 1.84 0.00
27115 1.83 0.00
27166 1.82 0.00
27217 1.82 0.00
27268 1.81 0.00
27319 1.82 0.00
27370 1.81 0.00
27421 1.81 0.00
27471 1.81 0.00
27523 1.81 0.00
27574 1.80 0.00
27624 1.80 0.00
27675 1.79 0.00
27726 1.79 0.00
27777 1.79 0.00
27828 1.79 0.00
27879 1.78 0.00
27929 1.78 0.00
27980 1.78 0.00
28032 1.79 0.00
28082 1.77 0.00
28133 1.77 0.00
28184 1.77 0.00
28235 1.75 0.00
28285 1.75 0.00
28337 1.75 0.00
28388 1.74 0.00
28438 1.74 0.00
28489 1.74 0.00
28540 1.74 0.00
28591 1.73 0.00
28642 1.73 0.00
28693 1.72 0.00
28743 1.72 0.00
28794 1.72 0.00
28846 1.71 0.00
28896 1.71 0.00
28947 1.71 0.00
28998 1.70 0.00
29048 1.70 0.00
29100 1.69 0.00
29151 1.70 0.00
29202 1.69 0.00
29252 1.69 0.00
29303 1.68 0.00
29355 1.68 0.00
29405 1.68 0.00
29456 1.67 0.00
29507 1.67 0.00
29557 1.67 0.00
29608 1.66 0.00
29660 1.66 0.00
29710 1.65 0.00
29761 1.65 0.00
29812 1.65 0.00
29862 1.64 0.00
29914 1.64 0.00
29965 1.63 0.00
30016 1.63 0.00
30066 1.62 0.00
30117 1.62 0.00
30169 1.61 0.00
30219 1.61 0.00
30270 1.61 0.00
30321 1.60 0.00
30371 1.62 0.00
30423 1.60 0.00
30474 1.59 0.00
30524 1.59 0.00
30575 1.58 0.00
30626 1.58 0.00
30676 1.58 0.00
30728 1.57 0.00
30779 1.57 0.00
30829 1.56 0.00
30880 1.56 0.00
30931 1.55 0.00
30983 1.55 0.00
31033 1.55 0.00
31084 1.54 0.00
31135 1.54 0.00
31185 1.54 0.00
31237 1.53 0.00
31288 1.53 0.00
31338 1.53 0.00
31389 1.52 0.00
31440 1.53 0.00
31491 1.52 0.00
31542 1.52 0.00
31593 1.52 0.00
31643 1.51 0.00
31694 1.50 0.00
31746 1.50 0.00
31796 1.50 0.00
31847 1.50 0.00
31898 1.50 0.00
31949 1.49 0.00
32000 1.48 0.00
32051 1.49 0.00
32102 1.48 0.00
32152 1.48 0.00
32203 1.47 0.00
32254 1.47 0.00
32305 1.47 0.00
32356 1.46 0.00
32407 1.46 0.00
32457 1.46 0.00
32508 1.45 0.00
32560 1.45 0.00
32610 1.43 0.00
32661 1.45 0.00
32712 1.44 0.00
32763 1.43 0.00
32814 1.43 0.00
32865 1.43 0.00
32916 1.44 0.00
32966 1.42 0.00
33017 1.42 0.00
33069 1.42 0.00
33119 1.42 0.00
33170 1.41 0.00
33221 1.41 0.00
33271 1.41 0.00
33323 1.39 0.00
33374 1.40 0.00
33424 1.40 0.00
33475 1.40 0.00
33526 1.40 0.01
33577 1.40 0.00
33628 1.39 0.00
33679 1.39 0.00
33730 1.38 0.00
33780 1.38 0.00
33831 1.38 0.00
33883 1.38 0.00
33933 1.38 0.00
33984 1.37 0.00
34035 1.38 0.00
34085 1.37 0.00
34137 1.37 0.00
34188 1.37 0.00
34238 1.36 0.00
34289 1.36 0.00
34340 1.36 0.00
34391 1.36 0.00
34442 1.35 0.00
34493 1.35 0.00
34544 1.35 0.00
34594 1.35 0.00
34646 1.34 0.00
34697 1.34 0.00
34747 1.33 0.00
34798 1.33 0.00
34849 1.33 0.00
34899 1.33 0.00
34951 1.33 0.00
35002 1.33 0.00
35052 1.33 0.00
35103 1.32 0.00
35154 1.32 0.00
35205 1.31 0.00
35256 1.32 0.00
35307 1.32 0.00
35358 1.31 0.00
35408 1.32 0.00
35460 1.31 0.00
35511 1.30 0.00
35561 1.30 0.00
35612 1.30 0.00
35663 1.30 0.00
35714 1.30 0.00
35765 1.30 0.00
35816 1.30 0.00
35866 1.30 0.00
35917 1.30 0.00
35969 1.30 0.00
36019 1.30 0.00
36070 1.29 0.00
36121 1.29 0.00
36171 1.29 0.00
36222 1.29 0.00
36274 1.29 0.00
36324 1.28 0.00
36375 1.28 0.00
36426 1.29 0.00
36477 1.27 0.00
36528 1.28 0.00
36579 1.27 0.00
36630 1.28 0.00
36680 1.28 0.00
36731 1.28 0.00
36783 1.27 0.00
36833 1.26 0.00
36884 1.28 0.00
36935 1.27 0.00
36985 1.26 0.00
37037 1.26 0.00
37088 1.26 0.00
37138 1.26 0.00
37189 1.26 0.00
37240 1.23 0.00
37291 1.25 0.00
37342 1.25 0.00
37393 1.24 0.00
37444 1.24 0.00
37494 1.25 0.00
37545 1.25 0.00
37597 1.24 0.00
37647 1.23 0.00
37698 1.24 0.00
37749 1.23 0.00
37799 1.24 0.00
37851 1.23 0.00
37902 1.24 0.00
37952 1.23 0.00
38003 1.23 0.00
38054 1.23 0.00
38105 1.23 0.00
38156 1.23 0.00
38207 1.23 0.00
38257 1.24 0.00
38308 1.22 0.00
38360 1.23 0.00
38410 1.22 0.00
38461 1.22 0.00
38512 1.22 0.00
38562 1.22 0.00
38614 1.21 0.00
38665 1.21 0.00
38716 1.21 0.00
38766 1.21 0.00
38817 1.21 0.00
38868 1.21 0.00
38919 1.21 0.00
38970 1.21 0.00
39021 1.20 0.00
39071 1.20 0.00
39122 1.19 0.00
39174 1.19 0.00
39224 1.20 0.00
39275 1.20 0.00
39326 1.19 0.00
39376 1.19 0.00
39428 1.19 0.00
39479 1.20 0.00
39529 1.19 0.00
39580 1.19 0.00
39631 1.19 0.00
39682 1.19 0.00
39733 1.19 0.00
39784 1.19 0.00
39835 1.19 0.00
39885 1.19 0.00
39937 1.19 0.00
39988 1.19 0.00
40038 1.19 0.00
40089 1.19 0.00
40140 1.18 0.00
40190 1.18 0.00
40242 1.17 0.00
40293 1.19 0.00
40343 1.18 0.00
40394 1.19 0.00
40445 1.19 0.00
40496 1.19 0.00
40547 1.19 0.00
40598 1.18 0.00
40648 1.18 0.00
40699 1.18 0.00
40751 1.18 0.00
40801 1.18 0.00
40852 1.18 0.00
40903 1.18 0.00
40954 1.18 0.00
41005 1.17 0.00
41056 1.17 0.01
41107 1.17 0.00
41157 1.17 0.00
41208 1.17 0.00
41260 1.17 0.00
41310 1.16 0.00
41361 1.16 0.00
41412 1.17 0.00
41462 1.16 0.00
41513 1.16 0.00
41565 1.15 0.00
41615 1.15 0.00
41666 1.15 0.00
41717 1.17 0.00
41767 1.15 0.00
41819 1.15 0.00
41870 1.15 0.00
41921 1.15 0.00
41971 1.14 0.00
42022 1.13 0.00
42074 1.15 0.00
42124 1.14 0.00
42175 1.14 0.00
42226 1.14 0.00
42276 1.13 0.00
42328 1.13 0.00
42379 1.15 0.00
42429 1.13 0.00
42480 1.13 0.00
42531 1.13 0.00
42582 1.13 0.00
42633 1.13 0.00
42684 1.13 0.00
42734 1.13 0.00
42785 1.13 0.00
42836 1.13 0.00
42887 1.13 0.00
42938 1.13 0.00
42989 1.13 0.00
43039 1.13 0.00
43090 1.13 0.00
43142 1.13 0.00
43192 1.13 0.00
43243 1.12 0.00
43294 1.12 0.00
43345 1.12 0.00
43396 1.12 0.00
43447 1.12 0.00
43498 1.12 0.00
43548 1.12 0.00
43599 1.12 0.00
43651 1.12 0.00
43701 1.12 0.00
43752 1.13 0.00
43803 1.12 0.00
43853 1.13 0.00
43905 1.12 0.00
43956 1.12 0.00
44006 1.12 0.00
44057 1.12 0.00
44108 1.12 0.00
44158 1.12 0.00
44210 1.12 0.00
44261 1.12 0.00
44311 1.12 0.00
44362 1.12 0.00
44413 1.11 0.00
44464 1.12 0.00
44515 1.12 0.00
44566 1.12 0.00
44616 1.12 0.00
44667 1.12 0.00
44719 1.10 0.00
44769 1.12 0.00
44820 1.12 0.00
44871 1.11 0.00
44921 1.11 0.00
44973 1.12 0.00
45024 1.11 0.00
45075 1.11 0.00
45125 1.12 0.00
45176 1.11 0.00
45228 1.11 0.00
45278 1.11 0.00
45329 1.11 0.00
45380 1.10 0.00
45430 1.11 0.00
45481 1.11 0.00
45533 1.11 0.00
45583 1.11 0.00
45634 1.11 0.00
45685 1.11 0.00
45735 1.10 0.00
45787 1.11 0.00
45838 1.09 0.00
45888 1.10 0.00
45939 1.11 0.00
45990 1.10 0.00
46041 1.10 0.00
46092 1.10 0.00
46143 1.11 0.00
46193 1.11 0.00
46244 1.09 0.00
46296 1.10 0.00
46346 1.09 0.00
46397 1.09 0.00
46448 1.09 0.00
46498 1.10 0.00
46550 1.10 0.00
46601 1.10 0.00
46652 1.10 0.00
46702 1.10 0.00
46753 1.10 0.00
46804 1.10 0.00
46855 1.09 0.00
46906 1.09 0.00
46957 1.09 0.00
47007 1.10 0.00
47058 1.09 0.00
47110 1.09 0.00
47160 1.09 0.00
47211 1.09 0.00
47262 1.09 0.00
47312 1.09 0.00
47364 1.09 0.00
47415 1.09 0.00
47465 1.09 0.00
47516 1.09 0.00
47567 1.08 0.00
47619 1.09 0.00
47669 1.08 0.00
47720 1.08 0.00
47771 1.08 0.00
47821 1.08 0.00
47873 1.08 0.00
47924 1.08 0.00
47974 1.07 0.00
48025 1.08 0.00
48076 1.07 0.00
48126 1.07 0.00
48178 1.07 0.00
48229 1.08 0.00
48279 1.07 0.00
48330 1.07 0.00
48381 1.07 0.00
48432 1.07 0.00
48483 1.07 0.00
48534 1.07 0.00
48584 1.06 0.00
48635 1.07 0.00
48687 1.07 0.00
48738 1.06 0.00
48788 1.06 0.00
48839 1.06 0.00
48890 1.06 0.00
48941 1.06 0.00
48992 1.09 0.00
49043 1.06 0.00
49093 1.06 0.00
49144 1.06 0.00
49196 1.06 0.00
49246 1.06 0.00
49297 1.06 0.00
49348 1.06 0.00
49398 1.06 0.00
49449 1.07 0.00
49501 1.06 0.00
49551 1.06 0.00
49602 1.06 0.00
49653 1.07 0.00
49703 1.06 0.00
49755 1.05 0.00
49806 1.06 0.00
49856 1.06 0.00
49907 1.06 0.00
49958 1.06 0.00
50009 1.06 0.00
50060 1.05 0.00
50111 1.06 0.00
50161 1.05 0.00
50212 1.06 0.00
50264 1.06 0.00
50315 1.06 0.00
50365 1.06 0.00
50416 1.05 0.00
50467 1.05 0.00
50518 1.06 0.00
50569 1.06 0.00
50620 1.05 0.00
50670 1.06 0.00
50721 1.06 0.00
50772 1.06 0.00
50823 1.06 0.00
50874 1.06 0.00
50925 1.06 0.00
50975 1.06 0.00
51026 1.06 0.00
51078 1.07 0.00
51128 1.05 0.00
51179 1.06 0.00
51230 1.06 0.00
51280 1.06 0.00
51332 1.06 0.00
51383 1.06 0.00
51433 1.06 0.00
51484 1.06 0.00
51535 1.06 0.00
51586 1.05 0.00
51637 1.05 0.00
51688 1.05 0.00
51739 1.04 0.00
51789 1.04 0.00
51841 1.05 0.00
51892 1.05 0.00
51942 1.04 0.00
51993 1.05 0.00
52044 1.05 0.00
52094 1.05 0.00
52146 1.05 0.00
52197 1.06 0.00
52247 1.05 0.00
52298 1.05 0.00
52349 1.05 0.00
52400 1.05 0.00
52451 1.05 0.00
52502 1.05 0.00
52552 1.05 0.00
52603 1.05 0.00
52655 1.05 0.00
52705 1.06 0.00
52756 1.05 0.00
52807 1.05 0.00
52857 1.05 0.00
52909 1.05 0.00
52960 1.04 0.00
53010 1.05 0.00
53061 1.05 0.00
53112 1.05 0.00
53163 1.06 0.00
53214 1.05 0.00
53265 1.05 0.00
53316 1.05 0.00
53366 1.04 0.00
53417 1.04 0.00
53469 1.04 0.00
53519 1.04 0.00
53570 1.05 0.00
53621 1.04 0.00
53671 1.04 0.00
53723 1.04 0.00
53774 1.04 0.00
53824 1.04 0.00
53875 1.04 0.00
53926 1.04 0.00
53977 1.04 0.00
54028 1.03 0.00
54079 1.03 0.00
54129 1.04 0.00
54180 1.04 0.00
54232 1.04 0.00
54282 1.04 0.00
54333 1.04 0.00
54384 1.04 0.00
54434 1.04 0.00
54486 1.04 0.00
54537 1.05 0.00
54587 1.05 0.00
54638 1.04 0.00
54689 1.05 0.00
54739 1.05 0.00
54791 1.05 0.00
54842 1.05 0.00
54892 1.05 0.00
54943 1.05 0.00
54994 1.05 0.00
55046 1.05 0.00
55096 1.05 0.00
55147 1.05 0.00
55198 1.05 0.00
55248 1.05 0.00
55300 1.05 0.00
55351 1.05 0.00
55401 1.05 0.00
55452 1.05 0.00
55503 1.05 0.00
55554 1.05 0.00
55605 1.05 0.00
55656 1.05 0.00
55706 1.04 0.00
55757 1.05 0.00
55809 1.06 0.00
55859 1.05 0.00
55910 1.05 0.00
55961 1.05 0.00
56011 1.05 0.00
56062 1.04 0.00
56114 1.04 0.00
56164 1.04 0.00
56215 1.04 0.00
56266 1.04 0.00
56316 1.05 0.00
56368 1.05 0.00
56419 1.04 0.00
56470 1.04 0.00
56520 1.04 0.00
56571 1.04 0.00
56623 1.05 0.00
56673 1.04 0.00
56724 1.04 0.00
56775 1.03 0.00
56825 1.03 0.00
56877 1.03 0.00
56928 1.03 0.00
56978 1.04 0.00
57029 1.03 0.00
57080 1.04 0.00
57131 1.04 0.00
57182 1.04 0.00
57233 1.04 0.00
57283 1.03 0.00
57334 1.04 0.00
57385 1.04 0.00
57436 1.03 0.00
57487 1.04 0.00
57538 1.03 0.00
57588 1.03 0.00
57639 1.03 0.00
57691 1.03 0.00
57741 1.03 0.00
57792 1.03 0.00
57843 1.03 0.00
57893 1.03 0.00
57945 1.03 0.00
57996 1.03 0.00
58046 1.03 0.00
58097 1.03 0.00
58148 1.03 0.00
58200 1.04 0.00
58250 1.03 0.00
58301 1.03 0.00
58352 1.03 0.00
58402 1.04 0.00
58454 1.04 0.00
58505 1.04 0.00
58555 1.03 0.00
58606 1.04 0.00
58657 1.03 0.00
58707 1.03 0.00
58759 1.04 0.00
58810 1.04 0.00
58860 1.03 0.00
58911 1.03 0.00
58962 1.04 0.00
59013 1.03 0.00
59064 1.03 0.00
59115 1.04 0.00
59165 1.04 0.00
59216 1.04 0.00
59268 1.04 0.00
59318 1.04 0.00
59369 1.03 0.00
59420 1.03 0.00
59470 1.04 0.00
59522 1.03 0.00
59573 1.04 0.00
59623 1.04 0.00
59674 1.03 0.00
59725 1.04 0.00
59776 1.03 0.00
59827 1.03 0.00
59878 1.02 0.00
59929 1.04 0.00
59979 1.02 0.00
60030 1.03 0.00
60082 1.03 0.00
60132 1.02 0.00
60183 1.03 0.00
60234 1.03 0.00
60284 1.03 0.00
60336 1.03 0.00
60387 1.02 0.00
60437 1.03 0.00
60488 1.00 0.00
60539 1.03 0.00
60590 1.04 0.00
60641 1.03 0.00
60692 1.03 0.00
60742 1.02 0.00
60793 1.03 0.00
60845 1.03 0.00
60895 1.02 0.00
60946 1.04 0.00
60997 1.02 0.00
61047 1.02 0.00
61099 1.02 0.00
61150 1.02 0.00
61200 1.03 0.00
61251 1.02 0.00
61302 1.02 0.00
61352 1.02 0.00
61404 1.02 0.00
61455 1.03 0.00
61506 1.02 0.00
61556 1.02 0.00
61607 1.02 0.00
61659 1.02 0.00
61709 1.02 0.00
61760 1.02 0.00
61811 1.03 0.00
61861 1.02 0.00
61913 1.02 0.00
61964 1.02 0.00
62014 1.05 0.00
62065 1.02 0.00
62116 1.02 0.00
62167 1.02 0.00
62218 1.02 0.00
62269 1.02 0.00
62319 1.01 0.00
62370 1.02 0.00
62422 1.01 0.00
62472 1.02 0.00
62523 1.01 0.00
62574 1.02 0.00
62624 1.03 0.00
62675 1.03 0.00
62727 1.02 0.00
62777 1.02 0.00
62828 1.02 0.00
62879 1.03 0.00
62929 1.02 0.00
62981 1.02 0.00
63032 1.02 0.00
63082 1.02 0.00
63133 1.02 0.00
63184 1.02 0.00
63236 1.01 0.00
63286 1.02 0.00
63337 1.01 0.00
63388 1.02 0.00
63438 1.02 0.00
63490 1.01 0.00
63541 1.03 0.00
63591 1.02 0.00
63642 1.02 0.00
63693 1.02 0.00
63744 1.01 0.00
63795 1.02 0.00
63846 1.01 0.00
63896 1.02 0.00
63947 1.02 0.00
63998 1.02 0.00
64049 1.02 0.00
64100 1.02 0.00
64151 1.01 0.00
64201 1.02 0.00
64252 1.02 0.00
64304 1.02 0.00
64354 1.02 0.00
64405 1.02 0.00
64456 1.02 0.00
64506 1.01 0.00
64558 1.01 0.00
64609 1.00 0.00
64659 1.02 0.00
64710 1.02 0.00
64761 1.00 0.00
64813 1.02 0.00
64863 1.02 0.00
64914 1.02 0.00
64965 1.01 0.00
65015 1.01 0.00
65067 1.01 0.00
65118 1.01 0.00
65168 1.03 0.00
65219 1.01 0.00
65270 1.02 0.00
65320 1.01 0.00
65372 1.01 0.00
65423 1.01 0.00
65473 1.01 0.01
65524 1.01 0.00
65575 1.00 0.00
65626 1.01 0.00
65677 1.01 0.00
65728 1.01 0.00
65778 1.01 0.00
65829 1.01 0.00
65881 1.01 0.00
65931 1.01 0.00
65982 1.01 0.00
66033 1.01 0.00
66083 1.00 0.00
66135 1.01 0.00
66186 1.01 0.00
66237 1.00 0.00
66287 1.01 0.00
66338 1.01 0.00
66390 1.01 0.00
66440 1.00 0.00
66491 1.00 0.00
66542 1.01 0.00
66592 1.00 0.00
66643 1.01 0.00
66695 1.00 0.00
66745 0.99 0.00
66796 1.01 0.00
66847 1.00 0.00
66897 1.00 0.00
66949 1.00 0.00
67000 1.00 0.00
67050 1.00 0.00
67101 1.00 0.00
67152 1.00 0.00
67203 1.00 0.00
67254 1.01 0.00
67305 1.00 0.00
67355 1.01 0.00
67406 1.01 0.00
67458 1.01 0.00
67508 1.01 0.00
67559 1.00 0.00
67610 1.00 0.00
67661 0.99 0.00
67712 0.99 0.00
67763 1.00 0.00
67814 0.99 0.00
67864 0.99 0.00
67915 0.99 0.00
67966 0.97 0.00
68017 1.00 0.00
68068 0.99 0.00
68119 0.99 0.00
68169 0.99 0.00
68220 1.01 0.00
68272 1.01 0.00
68322 1.01 0.00
68373 1.00 0.00
68424 1.00 0.00
68474 1.00 0.00
68526 1.00 0.00
68577 1.00 0.00
68627 1.00 0.00
68678 1.00 0.00
68729 1.00 0.00
68781 0.99 0.00
68831 1.00 0.00
68882 0.99 0.00
68933 1.00 0.00
68983 1.00 0.01
69035 1.00 0.00
69086 1.00 0.00
69136 1.00 0.00
69187 1.00 0.00
69238 0.99 0.00
69288 0.99 0.00
69340 0.99 0.00
69391 0.99 0.00
69442 1.00 0.00
69492 1.00 0.00
69543 1.00 0.00
69595 1.00 0.00
69645 0.99 0.00
69696 0.99 0.00
69747 1.00 0.00
69797 1.00 0.00
69849 1.00 0.00
69900 1.00 0.00
69950 1.00 0.00
70001 1.00 0.00
70052 0.99 0.00
70103 0.99 0.00
70154 0.99 0.00
70205 1.00 0.00
70255 0.99 0.00
70306 0.99 0.00
70358 1.00 0.00
70409 1.00 0.00
70459 0.99 0.00
70510 1.00 0.00
70561 0.99 0.00
70611 1.00 0.00
70663 0.99 0.00
70714 0.99 0.00
70764 0.99 0.00
70815 0.99 0.00
70866 0.99 0.00
70917 0.99 0.00
70968 0.99 0.00
71019 0.99 0.00
71069 0.99 0.00
71120 0.99 0.00
71172 1.00 0.00
71223 1.00 0.00
71273 1.00 0.00
71324 0.99 0.00
71375 0.98 0.00
71426 0.98 0.00
71477 0.98 0.00
71528 0.98 0.00
71578 0.98 0.00
71629 0.98 0.00
71681 0.98 0.00
71731 0.99 0.00
71782 0.99 0.00
71833 0.99 0.00
71883 0.99 0.00
71934 0.99 0.00
71986 0.98 0.00
72036 0.98 0.00
72087 0.98 0.00
72138 0.98 0.00
72189 0.98 0.00
72240 0.98 0.00
72291 0.98 0.00
72342 0.98 0.00
72392 0.99 0.00
72443 0.98 0.00
72495 0.98 0.00
72545 0.99 0.00
72596 0.99 0.00
72647 0.99 0.00
72697 0.98 0.00
72749 0.98 0.00
72800 0.99 0.00
72850 0.99 0.00
72901 0.99 0.00
72952 0.99 0.00
73004 0.99 0.00
73054 0.98 0.00
73105 0.98 0.00
73156 0.99 0.00
73206 0.99 0.00
73257 0.98 0.00
73309 0.98 0.00
73359 0.98 0.00
73410 0.98 0.00
73461 0.99 0.00
73511 0.99 0.00
73563 0.98 0.00
73614 0.98 0.00
73664 0.98 0.00
73715 0.99 0.00
73766 0.98 0.00
73817 0.99 0.00
73868 0.99 0.00
73919 0.99 0.00
73970 0.99 0.00
74020 0.99 0.00
74072 0.98 0.00
74123 0.98 0.00
74173 0.98 0.00
74224 0.98 0.00
74275 0.98 0.00
74326 0.98 0.00
74377 0.98 0.00
74428 0.98 0.00
74478 0.99 0.00
74529 0.98 0.00
74580 0.99 0.00
74631 0.99 0.00
74682 0.98 0.00
74733 0.98 0.00
74783 0.99 0.00
74834 0.98 0.00
74886 0.98 0.00
74937 0.99 0.00
74987 0.98 0.00
75038 0.98 0.00
75089 0.98 0.00
75140 0.96 0.00
75191 0.99 0.00
75242 0.98 0.00
75292 0.98 0.00
75343 0.99 0.00
75395 0.99 0.00
75445 0.98 0.00
75496 0.98 0.00
75547 0.97 0.00
75597 0.97 0.00
75649 0.97 0.00
75700 0.96 0.00
75750 0.97 0.00
75801 0.97 0.00
75852 0.97 0.00
75904 0.98 0.00
75954 0.97 0.00
76005 0.98 0.00
76056 0.98 0.00
76106 0.98 0.00
76157 0.97 0.00
76209 0.96 0.00
76259 0.96 0.00
76310 0.96 0.00
76361 0.96 0.00
76411 0.96 0.00
76463 0.96 0.00
76514 0.96 0.00
76564 0.96 0.00
76615 0.96 0.00
76666 0.97 0.00
76718 0.96 0.00
76768 0.96 0.00
76819 0.96 0.00
76870 0.96 0.00
76920 0.96 0.00
76972 0.96 0.00
77023 0.96 0.00
77073 0.96 0.00
77124 0.96 0.00
77175 0.96 0.00
77225 0.97 0.00
77277 0.96 0.01
77328 0.97 0.00
77378 0.97 0.00
77429 0.97 0.00
77480 0.97 0.00
77532 0.96 0.00
77582 0.96 0.00
77633 0.97 0.00
77684 0.98 0.00
77734 0.97 0.00
77786 0.96 0.00
77837 0.96 0.00
77887 0.96 0.00
77938 0.96 0.00
77989 0.96 0.00
78040 0.96 0.00
78091 0.96 0.00
78142 0.96 0.00
78192 0.94 0.00
78243 0.96 0.00
78295 0.96 0.00
78345 0.96 0.00
78396 0.96 0.00
78447 0.96 0.00
78498 0.97 0.00
78548 0.96 0.00
78600 0.96 0.00
78651 0.97 0.00
78701 0.96 0.00
78752 0.96 0.00
78803 0.96 0.00
78854 0.97 0.00
78905 0.96 0.00
78956 0.97 0.00
79006 0.97 0.00
79057 0.96 0.00
79109 0.96 0.00
79159 0.97 0.00
79210 0.97 0.00
79261 0.96 0.00
79311 0.97 0.00
79363 0.97 0.00
79414 0.96 0.00
79465 0.97 0.00
79515 0.96 0.00
79566 0.96 0.00
79618 0.96 0.00
79668 0.96 0.00
79719 0.96 0.00
79770 0.95 0.00
79820 0.95 0.00
79872 0.96 0.00
79923 0.96 0.00
79973 0.96 0.00
80024 0.96 0.00
80075 0.96 0.00
80125 0.95 0.00
80177 0.95 0.00
80228 0.95 0.00
80278 0.95 0.00
80329 0.95 0.00
80380 0.96 0.00
80432 0.95 0.00
80482 0.96 0.00
80533 0.96 0.00
80584 0.97 0.00
80634 0.96 0.00
80686 0.97 0.00
80737 0.96 0.00
80787 0.97 0.00
80838 0.95 0.00
80889 0.95 0.00
80940 0.96 0.00
80991 0.96 0.00
81042 0.95 0.00
81092 0.96 0.00
81143 0.96 0.00
81195 0.96 0.00
81245 0.96 0.00
81296 0.96 0.00
81347 0.96 0.00
81398 0.97 0.00
81448 0.96 0.00
81500 0.96 0.00
81551 0.96 0.00
81601 0.97 0.00
81652 0.96 0.00
81703 0.97 0.00
81754 0.96 0.00
81805 0.95 0.00
81856 0.95 0.00
81906 0.96 0.00
81957 0.95 0.00
82009 0.96 0.00
82059 0.95 0.00
82110 0.95 0.00
82161 0.95 0.00
82211 0.95 0.00
82263 0.95 0.00
82314 0.95 0.00
82365 0.96 0.00
82415 0.96 0.00
82466 0.95 0.00
82518 0.95 0.00
82568 0.95 0.00
82619 0.96 0.00
82670 0.96 0.00
82720 0.96 0.00
82771 0.96 0.00
82823 0.96 0.00
82873 0.95 0.00
82924 0.95 0.00
82975 0.95 0.00
83025 0.96 0.00
83077 0.95 0.00
83128 0.94 0.00
83179 0.96 0.00
83229 0.96 0.00
83280 0.96 0.00
83332 0.96 0.00
83382 0.96 0.00
83433 0.95 0.00
83484 0.95 0.00
83534 0.95 0.00
83586 0.95 0.00
83637 0.95 0.00
83687 0.96 0.00
83738 0.96 0.00
83789 0.96 0.00
83840 0.97 0.00
83891 0.96 0.00
83942 0.96 0.00
83992 0.96 0.00
84043 0.97 0.00
84094 0.95 0.00
84146 0.95 0.00
84196 0.96 0.00
84247 0.96 0.00
84298 0.96 0.00
84348 0.96 0.00
84400 0.97 0.00
84451 0.96 0.00
84501 0.96 0.00
84552 0.96 0.00
84603 0.96 0.00
84654 0.96 0.00
84705 0.96 0.00
84756 0.96 0.00
84806 0.96 0.00
84857 0.96 0.00
84909 0.96 0.00
84959 0.96 0.00
85010 0.96 0.00
85061 0.97 0.00
85112 0.97 0.00
85163 0.96 0.00
85214 0.96 0.00
85265 0.96 0.00
85315 0.96 0.00
85366 0.95 0.00
85417 0.95 0.00
85468 0.95 0.00
85519 0.95 0.00
85570 0.95 0.00
85620 0.96 0.00
85671 0.95 0.00
85723 0.95 0.00
85773 0.95 0.00
85824 0.96 0.00
85875 0.96 0.00
85925 0.96 0.00
85977 0.95 0.00
86028 0.96 0.00
86079 0.96 0.00
86129 0.96 0.00
86180 0.96 0.00
86232 0.95 0.00
86282 0.95 0.00
86333 0.96 0.00
86384 0.95 0.00
86434 0.95 0.00
86486 0.95 0.00
86537 0.95 0.00
86587 0.95 0.00
86638 0.96 0.00
86689 0.95 0.00
86739 0.95 0.00
86791 0.95 0.00
86842 0.96 0.00
86893 0.95 0.00
86943 0.96 0.00
86994 0.95 0.00
87046 0.95 0.00
87096 0.95 0.00
87147 0.94 0.00
87198 0.94 0.00
87248 0.94 0.00
87300 0.94 0.00
87351 0.95 0.00
87401 0.95 0.00
87452 0.95 0.00
87503 0.95 0.00
87554 0.95 0.00
87605 0.95 0.00
87656 0.95 0.00
87706 0.96 0.00
87757 0.95 0.00
87809 0.95 0.00
87860 0.96 0.00
87910 0.95 0.00
87961 0.95 0.00
88012 0.95 0.00
88062 0.96 0.00
88114 0.95 0.00
88165 0.95 0.00
88215 0.95 0.00
88266 0.95 0.00
88317 0.95 0.00
88368 0.93 0.00
88419 0.94 0.00
88470 0.94 0.00
88520 0.95 0.00
88571 0.94 0.00
88623 0.94 0.00
88673 0.95 0.00
88724 0.96 0.00
88775 0.95 0.00
88826 0.95 0.00
88877 0.94 0.00
88928 0.94 0.00
88979 0.94 0.00
89029 0.95 0.00
89080 0.95 0.00
89132 0.95 0.00
89182 0.95 0.00
89233 0.95 0.00
89284 0.95 0.00
89334 0.95 0.00
89385 0.95 0.00
89437 0.95 0.00
89487 0.95 0.00
89538 0.95 0.00
89589 0.96 0.00
89639 0.95 0.00
89691 0.95 0.00
89742 0.95 0.00
89793 0.95 0.00
89843 0.96 0.00
89894 0.95 0.00
89946 0.95 0.00
89996 0.95 0.00
90047 0.96 0.00
90098 0.94 0.00
90148 0.93 0.00
90200 0.94 0.00
90251 0.94 0.00
90301 0.94 0.00
90352 0.94 0.00
90403 0.94 0.00
90454 0.94 0.00
90505 0.95 0.00
90556 0.94 0.00
90606 0.95 0.00
90657 0.96 0.00
90708 0.95 0.00
90760 0.95 0.00
90810 0.95 0.00
90861 0.95 0.00
90912 0.96 0.00
90962 0.94 0.00
91014 0.95 0.00
91065 0.94 0.00
91115 0.94 0.00
91166 0.94 0.00
91217 0.94 0.00
91268 0.94 0.00
91319 0.94 0.00
91370 0.94 0.00
91420 0.94 0.00
91471 0.94 0.00
91523 0.94 0.00
91573 0.94 0.00
91624 0.94 0.00
91675 0.94 0.00
91726 0.94 0.00
91777 0.94 0.00
91828 0.94 0.00
91879 0.94 0.00
91929 0.94 0.00
91980 0.96 0.00
92032 0.95 0.00
92082 0.94 0.00
92133 0.94 0.00
92184 0.94 0.00
92234 0.94 0.00
92285 0.94 0.00
92337 0.94 0.00
92387 0.94 0.00
92438 0.94 0.00
92489 0.94 0.00
92539 0.96 0.00
92591 0.96 0.00
92642 0.95 0.00
92693 0.95 0.00
92743 0.95 0.00
92794 0.95 0.00
92846 0.95 0.00
92896 0.95 0.00
92947 0.95 0.00
92998 0.95 0.00
93048 0.95 0.00
93100 0.95 0.00
93151 0.95 0.00
93201 0.95 0.00
93252 0.94 0.00
93303 0.95 0.00
93353 0.94 0.00
93405 0.92 0.00
93456 0.95 0.00
93506 0.94 0.00
93557 0.94 0.00
93608 0.94 0.00
93660 0.94 0.00
93710 0.95 0.00
93761 0.97 0.00
93812 0.94 0.00
93862 0.94 0.00
93914 0.94 0.00
93965 0.94 0.00
94015 0.94 0.00
94066 0.94 0.00
94117 0.94 0.00
94168 0.94 0.00
94219 0.94 0.00
94270 0.94 0.00
94320 0.94 0.00
94371 0.94 0.00
94423 0.94 0.00
94473 0.94 0.00
94524 0.94 0.00
94575 0.94 0.00
94626 0.94 0.00
94676 0.94 0.00
94728 0.94 0.00
94779 0.94 0.00
94829 0.94 0.00
94880 0.93 0.00
94931 0.94 0.00
94982 0.94 0.00
95033 0.94 0.00
95084 0.93 0.00
95134 0.94 0.00
95185 0.94 0.00
95237 0.94 0.00
95287 0.94 0.00
95338 0.94 0.00
95389 0.95 0.00
95440 0.94 0.00
95491 0.97 0.00
95542 0.94 0.00
95593 0.94 0.00
95643 0.94 0.00
95694 0.93 0.00
95746 0.94 0.00
95796 0.94 0.00
95847 0.93 0.00
95898 0.95 0.00
95948 0.94 0.00
96000 0.94 0.00
96051 0.94 0.00
96101 0.94 0.00
96152 0.94 0.00
96203 0.94 0.00
96253 0.94 0.00
96305 0.94 0.00
96356 0.94 0.00
96407 0.94 0.00
96457 0.94 0.00
96508 0.94 0.00
96560 0.94 0.00
96610 0.94 0.00
96661 0.95 0.00
96712 0.94 0.00
96762 0.94 0.00
96814 0.95 0.00
96865 0.95 0.00
96915 0.95 0.00
96966 0.95 0.00
97017 0.95 0.00
97068 0.96 0.00
97119 0.95 0.00
97170 0.96 0.00
97220 0.95 0.00
97271 0.95 0.00
97323 0.95 0.00
97374 0.95 0.00
97424 0.96 0.00
97475 0.95 0.00
97526 0.94 0.00
97576 0.94 0.00
97628 0.94 0.00
97679 0.95 0.00
97729 0.94 0.00
97780 0.94 0.00
97831 0.94 0.00
97882 0.94 0.00
97933 0.94 0.00
97984 0.94 0.00
98034 0.93 0.00
98085 0.94 0.00
98137 0.94 0.00
98187 0.94 0.00
98238 0.94 0.00
98289 0.94 0.00
98340 0.94 0.00
98391 0.94 0.00
98442 0.94 0.00
98493 0.94 0.00
98543 0.95 0.00
98594 0.94 0.00
98646 0.94 0.00
98696 0.94 0.00
98747 0.94 0.00
98798 0.94 0.00
98848 0.94 0.00
98899 0.94 0.00
98951 0.94 0.00
99001 0.95 0.00
99052 0.95 0.00
99103 0.94 0.00
99153 0.94 0.00
99205 0.94 0.00
99256 0.94 0.00
99307 0.94 0.00
99357 0.95 0.00
99408 0.95 0.00
99460 0.94 0.00
99510 0.94 0.00
99561 0.94 0.00
99612 0.95 0.00
99662 0.93 0.00
99714 0.94 0.00
99765 0.94 0.00
99815 0.94 0.00
99866 0.94 0.00
99917 0.95 0.00
99968 0.95 0.00
100019 0.94 0.00
100070 0.94 0.00
100121 0.95 0.00
100171 0.95 0.00
100222 0.94 0.00
100274 0.94 0.00
100324 0.94 0.00
100375 0.94 0.00
100426 0.94 0.00
100477 0.94 0.00
100528 0.94 0.00
100579 0.94 0.00
100630 0.94 0.00
100680 0.94 0.00
100731 0.95 0.00
100783 0.94 0.00
100834 0.94 0.00
100884 0.94 0.00
100935 0.94 0.00
100986 0.95 0.00
101037 0.93 0.00
101088 0.93 0.00
101139 0.93 0.00
101190 0.93 0.00
101240 0.93 0.00
101292 0.94 0.00
101343 0.93 0.00
101393 0.93 0.00
101444 0.93 0.00
101495 0.93 0.00
101547 0.94 0.00
101597 0.93 0.00
101648 0.93 0.00
101699 0.93 0.00
101749 0.93 0.00
101800 0.93 0.01
101852 0.93 0.00
101903 0.93 0.00
101953 0.94 0.00
102004 0.93 0.00
102055 0.93 0.00
102106 0.93 0.00