0 3.54 0.00
50 3.52 0.00
101 3.52 0.00
152 3.52 0.00
202 3.52 0.00
253 3.52 0.00
305 3.52 0.00
355 3.51 0.00
406 3.51 0.00
456 3.50 0.00
507 3.51 0.00
559 3.51 0.00
609 3.50 0.00
660 3.50 0.00
711 3.50 0.00
761 3.50 0.00
813 3.49 0.00
863 3.49 0.00
914 3.49 0.00
965 3.49 0.00
1015 3.48 0.00
1067 3.48 0.00
1118 3.48 0.00
1168 3.48 0.00
1219 3.47 0.00
1270 3.47 0.00
1320 3.47 0.00
1372 3.47 0.00
1423 3.47 0.00
1473 3.47 0.00
1524 3.46 0.00
1575 3.47 0.00
1626 3.46 0.00
1677 3.45 0.00
1728 3.45 0.00
1778 3.45 0.00
1829 3.44 0.00
1881 3.44 0.00
1931 3.44 0.00
1982 3.44 0.00
2033 3.44 0.00
2083 3.43 0.00
2135 3.43 0.00
2186 3.43 0.00
2236 3.43 0.00
2287 3.43 0.00
2338 3.43 0.00
2388 3.42 0.00
2440 3.42 0.00
2491 3.42 0.00
2541 3.41 0.00
2592 3.42 0.00
2643 3.42 0.00
2694 3.41 0.00
2745 3.41 0.00
2796 3.40 0.00
2846 3.40 0.00
2897 3.40 0.00
2949 3.41 0.00
2999 3.40 0.00
3050 3.40 0.00
3101 3.38 0.00
3151 3.40 0.00
3203 3.39 0.00
3254 3.42 0.00
3304 3.39 0.00
3355 3.38 0.00
3406 3.38 0.00
3457 3.38 0.00
3508 3.38 0.00
3559 3.38 0.00
3609 3.38 0.00
3660 3.37 0.00
3712 3.37 0.00
3762 3.38 0.00
3813 3.36 0.00
3864 3.37 0.00
3914 3.36 0.00
3965 3.36 0.00
4017 3.36 0.01
4067 3.35 0.00
4118 3.35 0.00
4169 3.36 0.00
4219 3.35 0.00
4271 3.35 0.00
4322 3.34 0.00
4372 3.34 0.00
4423 3.34 0.00
4474 3.34 0.00
4525 3.34 0.00
4576 3.34 0.00
4627 3.33 0.00
4677 3.33 0.00
4728 3.32 0.00
4780 3.33 0.00
4830 3.33 0.00
4881 3.32 0.00
4932 3.32 0.00
4982 3.32 0.00
5033 3.32 0.00
5085 3.32 0.00
5135 3.32 0.00
5186 3.31 0.00
5237 3.31 0.00
5287 3.31 0.00
5339 3.31 0.00
5390 3.31 0.00
5440 3.30 0.00
5491 3.31 0.00
5542 3.30 0.00
5593 3.30 0.00
5644 3.30 0.00
5695 3.29 0.00
5745 3.30 0.00
5796 3.29 0.00
5848 3.29 0.00
5898 3.29 0.00
5949 3.28 0.00
6000 3.28 0.00
6050 3.28 0.00
6102 3.28 0.00
6153 3.28 0.00
6203 3.28 0.00
6254 3.28 0.00
6305 3.27 0.00
6355 3.27 0.00
6407 3.27 0.00
6458 3.27 0.00
6508 3.27 0.00
6559 3.27 0.00
6610 3.26 0.00
6661 3.26 0.00
6712 3.26 0.00
6762 3.26 0.00
6813 3.26 0.00
6864 3.24 0.00
6915 3.25 0.00
6966 3.25 0.00
7017 3.26 0.00
7067 3.25 0.00
7118 3.25 0.00
7170 3.25 0.00
7220 3.24 0.00
7271 3.23 0.00
7322 3.24 0.00
7372 3.24 0.00
7424 3.23 0.00
7475 3.24 0.00
7525 3.23 0.00
7576 3.23 0.00
7627 3.23 0.00
7677 3.23 0.00
7729 3.23 0.00
7780 3.23 0.00
7830 3.23 0.00
7881 3.21 0.00
7932 3.23 0.00
7983 3.22 0.00
8034 3.22 0.00
8085 3.22 0.00
8135 3.22 0.00
8186 3.22 0.00
8238 3.22 0.00
8288 3.21 0.00
8339 3.21 0.00
8390 3.21 0.00
8440 3.21 0.00
8492 3.20 0.00
8543 3.20 0.00
8593 3.20 0.00
8644 3.20 0.00
8695 3.20 0.00
8745 3.20 0.00
8797 3.20 0.00
8848 3.19 0.00
8898 3.19 0.00
8949 3.19 0.00
9000 3.19 0.00
9051 3.19 0.00
9102 3.19 0.00
9153 3.18 0.00
9203 3.18 0.00
9254 3.18 0.00
9306 3.17 0.00
9356 3.18 0.00
9407 3.17 0.00
9458 3.18 0.00
9508 3.17 0.00
9560 3.18 0.00
9611 3.17 0.00
9661 3.17 0.00
9712 3.17 0.00
9763 3.16 0.00
9814 3.17 0.00
9865 3.16 0.00
9916 3.16 0.00
9966 3.15 0.00
10017 3.16 0.00
10068 3.17 0.00
10119 3.15 0.00
10170 3.15 0.00
10221 3.15 0.00
10271 3.14 0.00
10322 3.14 0.00
10374 3.14 0.00
10424 3.14 0.00
10475 3.14 0.00
10526 3.14 0.00
10577 3.14 0.00
10628 3.13 0.00
10679 3.13 0.00
10730 3.13 0.00
10780 3.16 0.00
10831 3.13 0.00
10883 3.12 0.00
10933 3.12 0.00
10984 3.13 0.00
11035 3.12 0.00
11085 3.12 0.00
11137 3.11 0.00
11188 3.13 0.00
11239 3.11 0.00
11289 3.11 0.00
11340 3.11 0.00
11392 3.11 0.00
11442 3.10 0.00
11493 3.11 0.00
11544 3.10 0.00
11594 3.10 0.00
11645 3.10 0.00
11697 3.10 0.00
11747 3.09 0.00
11798 3.10 0.00
11849 3.10 0.00
11900 3.10 0.00
11951 3.08 0.00
12002 3.09 0.00
12053 3.08 0.00
12103 3.09 0.00
12154 3.07 0.00
12206 3.08 0.00
12256 3.08 0.00
12307 3.07 0.00
12358 3.07 0.00
12408 3.08 0.00
12460 3.07 0.00
12511 3.07 0.00
12562 3.07 0.00
12612 3.06 0.00
12663 3.06 0.00
12715 3.06 0.00
12765 3.06 0.00
12816 3.07 0.00
12867 3.06 0.00
12917 3.05 0.00
12968 3.05 0.00
13020 3.06 0.00
13070 3.05 0.00
13121 3.05 0.00
13172 3.04 0.00
13223 3.04 0.00
13274 3.04 0.00
13325 3.04 0.00
13376 3.04 0.00
13426 3.04 0.00
13477 3.04 0.00
13529 3.04 0.00
13579 3.03 0.00
13630 3.03 0.00
13681 3.03 0.00
13731 3.03 0.00
13783 3.03 0.00
13834 3.02 0.00
13885 3.03 0.00
13935 3.02 0.00
13986 3.02 0.00
14038 3.02 0.00
14088 3.02 0.00
14139 3.02 0.00
14190 3.01 0.00
14240 3.01 0.00
14291 3.01 0.00
14343 3.01 0.00
14393 3.01 0.00
14444 3.00 0.00
14495 3.00 0.00
14546 3.00 0.00
14597 3.00 0.00
14648 2.99 0.00
14699 2.99 0.00
14749 2.99 0.00
14800 3.00 0.00
14852 2.99 0.00
14902 2.99 0.00
14953 2.99 0.00
15004 2.98 0.00
15055 2.98 0.00
15106 2.98 0.00
15157 2.98 0.00
15208 2.97 0.00
15258 2.98 0.00
15309 2.97 0.00
15361 2.96 0.00
15411 2.98 0.00
15462 2.97 0.00
15513 2.96 0.00
15564 2.97 0.00
15614 2.96 0.00
15666 2.96 0.00
15717 2.96 0.00
15767 2.96 0.00
15818 2.95 0.00
15869 2.95 0.00
15920 2.95 0.00
15971 2.95 0.00
16022 2.94 0.00
16073 2.94 0.00
16123 2.94 0.00
16175 2.94 0.00
16226 2.94 0.00
16276 2.94 0.00
16327 2.93 0.00
16378 2.93 0.00
16429 2.93 0.00
16480 2.93 0.00
16531 2.93 0.00
16582 2.92 0.00
16632 2.92 0.00
16684 2.92 0.00
16735 2.91 0.00
16785 2.92 0.00
16836 2.91 0.00
16887 2.91 0.00
16937 2.91 0.00
16989 2.91 0.00
17040 2.90 0.00
17091 2.90 0.00
17141 2.87 0.00
17192 2.90 0.00
17244 2.90 0.00
17294 2.90 0.00
17345 2.89 0.00
17396 2.89 0.00
17446 2.88 0.00
17498 2.88 0.00
17549 2.89 0.00
17599 2.88 0.00
17650 2.88 0.00
17701 2.88 0.00
17753 2.87 0.00
17803 2.87 0.00
17854 2.87 0.00
17905 2.87 0.00
17955 2.87 0.00
18007 2.86 0.00
18058 2.86 0.00
18108 2.85 0.00
18159 2.85 0.00
18210 2.85 0.00
18262 2.85 0.00
18312 2.85 0.00
18363 2.84 0.00
18414 2.84 0.00
18464 2.84 0.00
18515 2.83 0.00
18567 2.84 0.00
18617 2.84 0.00
18668 2.83 0.00
18719 2.83 0.00
18770 2.83 0.00
18821 2.83 0.00
18872 2.83 0.00
18923 2.83 0.00
18973 2.82 0.00
19024 2.82 0.00
19076 2.82 0.00
19126 2.83 0.00
19177 2.81 0.00
19228 2.81 0.00
19278 2.81 0.00
19330 2.80 0.00
19381 2.81 0.00
19432 2.80 0.00
19482 2.80 0.00
19533 2.79 0.00
19585 2.79 0.00
19635 2.79 0.00
19686 2.79 0.00
19737 2.79 0.00
19787 2.79 0.00
19838 2.78 0.00
19890 2.78 0.00
19941 2.78 0.00
19991 2.78 0.00
20042 2.77 0.00
20093 2.77 0.00
20144 2.77 0.00
20195 2.76 0.00
20246 2.76 0.00
20296 2.76 0.00
20347 2.76 0.00
20399 2.74 0.00
20450 2.75 0.00
20500 2.75 0.00
20551 2.74 0.00
20602 2.74 0.00
20653 2.74 0.00
20704 2.74 0.00
20755 2.73 0.00
20805 2.73 0.00
20856 2.72 0.00
20908 2.72 0.00
20959 2.72 0.00
21009 2.71 0.00
21060 2.71 0.00
21111 2.70 0.00
21161 2.71 0.00
21213 2.70 0.00
21264 2.70 0.00
21314 2.70 0.00
21365 2.68 0.00
21416 2.69 0.00
21467 2.68 0.00
21518 2.68 0.00
21569 2.67 0.00
21620 2.68 0.00
21670 2.68 0.00
21722 2.67 0.00
21773 2.66 0.00
21823 2.66 0.00
21874 2.65 0.00
21925 2.65 0.00
21976 2.64 0.00
22027 2.64 0.00
22078 2.64 0.00
22129 2.63 0.00
22179 2.63 0.00
22231 2.62 0.00
22282 2.61 0.00
22332 2.61 0.00
22383 2.61 0.00
22434 2.61 0.00
22484 2.60 0.00
22536 2.60 0.00
22587 2.59 0.00
22637 2.59 0.00
22688 2.59 0.00
22739 2.58 0.00
22791 2.57 0.00
22841 2.58 0.00
22892 2.56 0.00
22943 2.56 0.00
22993 2.54 0.00
23045 2.55 0.00
23096 2.54 0.00
23146 2.53 0.00
23197 2.53 0.00
23248 2.52 0.00
23300 2.51 0.00
23350 2.50 0.00
23401 2.50 0.00
23452 2.49 0.00
23502 2.49 0.00
23554 2.48 0.00
23605 2.48 0.00
23655 2.47 0.00
23706 2.47 0.00
23757 2.46 0.00
23809 2.45 0.00
23859 2.43 0.00
23910 2.42 0.00
23961 2.42 0.00
24011 2.41 0.00
24062 2.40 0.00
24114 2.39 0.00
24164 2.39 0.00
24215 2.38 0.00
24266 2.37 0.00
24316 2.36 0.00
24368 2.35 0.00
24419 2.34 0.00
24470 2.32 0.00
24520 2.31 0.00
24571 2.30 0.00
24623 2.29 0.00
24673 2.28 0.00
24724 2.26 0.00
24775 2.25 0.00
24825 2.23 0.00
24877 2.22 0.00
24928 2.22 0.00
24978 2.20 0.00
25029 2.18 0.00
25080 2.17 0.00
25132 2.16 0.00
25182 2.14 0.00
25233 2.13 0.00
25284 2.11 0.00
25334 2.10 0.00
25385 2.08 0.00
25437 2.06 0.00
25487 2.05 0.00
25538 2.04 0.00
25589 2.01 0.00
25639 2.01 0.00
25691 2.00 0.00
25742 1.98 0.00
25793 1.97 0.00
25843 1.96 0.00
25894 1.96 0.00
25946 1.94 0.00
25996 1.94 0.00
26047 1.93 0.00
26098 1.92 0.00
26148 1.91 0.00
26200 1.91 0.01
26251 1.90 0.00
26301 1.90 0.00
26352 1.90 0.00
26403 1.89 0.00
26455 1.88 0.00
26505 1.86 0.00
26556 1.87 0.00
26607 1.87 0.00
26657 1.87 0.00
26708 1.86 0.00
26760 1.86 0.00
26810 1.85 0.00
26861 1.85 0.00
26912 1.85 0.00
26962 1.84 0.00
27014 1.84 0.00
27065 1.84 0.00
27115 1.83 0.00
27166 1.82 0.00
27217 1.82 0.00
27268 1.81 0.00
27319 1.82 0.00
27370 1.81 0.00
27421 1.81 0.00
27471 1.81 0.00
27523 1.81 0.00
27574 1.80 0.00
27624 1.80 0.00
27675 1.79 0.00
27726 1.79 0.00
27777 1.79 0.00
27828 1.79 0.00
27879 1.78 0.00
27929 1.78 0.00
27980 1.78 0.00
28032 1.79 0.00
28082 1.77 0.00
28133 1.77 0.00
28184 1.77 0.00
28235 1.75 0.00
28285 1.75 0.00
28337 1.75 0.00
28388 1.74 0.00
28438 1.74 0.00
28489 1.74 0.00
28540 1.74 0.00
28591 1.73 0.00
28642 1.73 0.00
28693 1.72 0.00
28743 1.72 0.00
28794 1.72 0.00
28846 1.71 0.00
28896 1.71 0.00
28947 1.71 0.00
28998 1.70 0.00
29048 1.70 0.00
29100 1.69 0.00
29151 1.70 0.00
29202 1.69 0.00
29252 1.69 0.00
29303 1.68 0.00
29355 1.68 0.00
29405 1.68 0.00
29456 1.67 0.00
29507 1.67 0.00
29557 1.67 0.00
29608 1.66 0.00
29660 1.66 0.00
29710 1.65 0.00
29761 1.65 0.00
29812 1.65 0.00
29862 1.64 0.00
29914 1.64 0.00
29965 1.63 0.00
30016 1.63 0.00
30066 1.62 0.00
30117 1.62 0.00
30169 1.61 0.00
30219 1.61 0.00
30270 1.61 0.00
30321 1.60 0.00
30371 1.62 0.00
30423 1.60 0.00
30474 1.59 0.00
30524 1.59 0.00
30575 1.58 0.00
30626 1.58 0.00
30676 1.58 0.00
30728 1.57 0.00
30779 1.57 0.00
30829 1.56 0.00
30880 1.56 0.00
30931 1.55 0.00
30983 1.55 0.00
31033 1.55 0.00
31084 1.54 0.00
31135 1.54 0.00
31185 1.54 0.00
31237 1.53 0.00
31288 1.53 0.00
31338 1.53 0.00
31389 1.52 0.00
31440 1.53 0.00
31491 1.52 0.00
31542 1.52 0.00
31593 1.52 0.00
31643 1.51 0.00
31694 1.50 0.00
31746 1.50 0.00
31796 1.50 0.00
31847 1.50 0.00
31898 1.50 0.00
31949 1.49 0.00
32000 1.48 0.00